'_kl_reconstruction_l
oss': [-12745.209183535317, -15264.605629795231, -15468.776479868273, -16077.354974419763, -17447.459953782094, -7713.936331565816, -16521.071526277294, -1614
8.592664400187, 27227197.93903118, -16273.894268099863, -16536.12496619451, -15629.94664224587, -16408.737087293306, -16416.114123306426, -16776.07687224021,
-16172.523625070664, -16858.645989452387, -17521.289809148348, -17756.03549212065, -18143.639978444993, -18307.19420639115, -17981.25869499699, -18498.5446875
06586, -18531.788502841377, -18456.5567277318, -18621.319843577912, -18691.01591959641, -18746.048336919033, -17614.99833005158, -18081.572754571243, -17424.5
3205019324, -18008.298716467736, -18350.197374821273, -18562.54706091361, -18595.117175899482, -18735.40325810953, -18805.201909267176, -18840.035343312913, -
18903.37839328849, -18837.851977003495, -18953.689880249087, -18996.42549789502, -18481.193433611905, -18868.112885153638, -18958.956869611247, -18960.2608047
81577, -19017.724507742394, -19061.292705245352, -18614.509012805873, -18895.664581055924, -18494.288894299363, -19013.291366403413, -19067.58933908405, -1913
0.493067874497, -19093.85519727457, -19130.675881979176, -18948.43654574311, -19129.611761115673, -19195.419346713952, -19012.14080598362, -19204.795093584155
, -19220.809893989113, -19196.789285487463, -19248.486207460868, -19274.464387306703, -19287.883637922994, -19138.762287271402, -18677.78130511389, -18375.403
120042334, -19080.463203601095, -18522.721703854862, -18871.446822836097, -19095.136757528937, -19069.279628832304, -19223.474362504927, -18940.574815662017,
-18914.382231573, -18276.405519236036, -17470.92270751779, -18484.314964117257, -18566.624871687578, -18854.92369437598, -18917.852013316864, -19090.614736529
384, -19101.545286746943, -19242.521638772578, -19227.359768479844, -19256.968435907766, -19248.14803263921, -19267.339314050994, -19239.582792744357, -18651.
974819954576, -18880.622955564384, -18923.684840037102, -18871.891646815267, -19029.29714919716, -18878.174402327728, -18954.864403451367, -19053.31363290989,
 -19093.83708443709, -19255.338092186274, -19294.860439825465, -19335.037797169934, -19394.28849063476, -19432.32004997197, -19329.766447390208, -19338.976522
069726, -19143.573682843617, -19281.325231251918, -19298.6745955111, -18423.328554518754, -18644.20284746129, -18988.004924559038, -19132.26097155502, -19096.
560406651006, -19250.500276802246, -19323.34803789146, -19302.386595284086, -19375.58952608521, -19456.010010317692, -19443.90752074608, -19301.65524735578, -
19301.124132994002, -19262.04112901365, -19415.688546788857, -19060.2037551217, -19370.61742523055, -19444.88018533052, -19425.657478765108, -19327.4947670414
88, -19464.00098991613, -19416.135830082232, -19453.62957338952, -19493.333472111077, -19394.64411865629, -13126.003218054811, -19062.347315322422, -19084.789
25757715, -19097.645404326144, -19128.127811446622, -19354.665307268424, -19317.737223446144, -19459.972219085244, -19261.206626512714, -19383.676454132597, -
19414.369248332325, -19457.649448172182, -19444.448506589863, -19458.637747429057, -19490.551915536762, -19474.366596109205, -19508.583704835015, -19466.06327
8067177, -19526.93007261338, -19525.637360401317, -19530.03966672867, -19551.961609481456, -19546.205111501644, -19545.442674843853, -19319.754886390776, -195
66.55489120435, -19565.91616079614, -19543.503293938476, -19538.857291858636, -19564.001862031666, -19581.92354283279, -18968.368663915106, -19066.70844746683
7, -19333.645040604646, -19541.594215255755, -19576.520508863454, -19593.578331609053, -19599.94266662377, -19590.10993663931, -19613.50727585029, -19604.3793
2345235, -19622.48988338388, -19498.70699719864, -19504.46199142482, -19510.06754530322, -19570.348939451997, -19548.48778421633, -19633.5944721665, -19619.18
7871923285, -19650.26572080719, -19598.989963382162, -19655.818144308, -19661.254842177525, -19639.258227229922, -19630.213058116613, -19665.71955003085, -195
60.88820583246, -19676.690459888414, -19695.916502066793, -19697.795524966947, -19714.99443100845, -19710.983618487095, -19707.131352122517, -19717.3747093878
34, -19701.128299352204]

'_kl': [9616.553469671953, 6821.872286803263, 5554.584974569594, 4398.429707182798, 443
1.944835715201, 4253.661826707313, 5478.497315471201, 5289.022326943179, 10087.154412152851, 8911.351990234762, 7737.634427240751, 5578.235414548825, 4537.921
731079369, 3716.9457260151507, 3320.4522535411697, 3462.87970958238, 3228.9674990050476, 3206.6649320962174, 3109.962144463248, 3011.6280269493277, 2876.07537
59178797, 2754.6486916201115, 2693.499426706709, 2522.6734984022573, 2416.8504286435104, 2323.274165629718, 2201.9161678217492, 2102.7061891035178, 2221.37879
9744296, 2281.731577652055, 2046.5804478491707, 1929.3785274783636, 1872.9537803012793, 1756.909810646591, 1661.2528013527767, 1593.8107926549528, 1539.221504
4536779, 1481.1632956971266, 1440.6569855174141, 1394.5809842045521, 1354.2713629100724, 1314.899662926985, 1362.6632445040125, 1286.4918198232735, 1232.30432
5956315, 1182.9740698624687, 1147.2783845078795, 1121.933761540376, 1122.3461226080874, 1104.2996959014893, 1057.4346898200406, 1048.5125415717694, 1022.33333
14489449, 998.1530131332308, 972.1112699199285, 950.3566608721708, 931.5870252747674, 920.6725972524105, 903.4333472788935, 882.6208502521407, 873.08301298750
39, 858.6221879270514, 845.0015146747124, 837.0258143027539, 826.7002966399123, 811.2834861467697, 792.222767483924, 810.635857771332, 825.4993987114844, 800.
2531412408383, 894.660389819262, 800.0326912077965, 766.2676859860657, 743.8142993363103, 737.3661374961001, 737.4035507538451, 713.8298501185599, 795.6788077
660524, 867.4398749686595, 787.6649630571131, 756.5445346158253, 738.7419514532344, 713.9373007569872, 704.5833352953186, 687.1028948288695, 686.9171287221501
, 673.1356546549283, 663.8097744080976, 653.4672263641625, 646.7438257908648, 644.0890243004457, 663.0718819999927, 659.9997240774575, 652.4457620078881, 649.
1386888096222, 642.6122677012027, 635.5314279429012, 630.5751133857061, 625.9673226278559, 626.7471343284083, 625.9937656312651, 622.0305411793422, 616.141914
4333157, 607.1714134748298, 595.6924759877301, 587.5735947439719, 577.1633497812928, 587.6762690247851, 571.718571940739, 562.5010088693941, 603.0951555654249
, 631.8390616599088, 596.8401338945833, 582.3655251967995, 567.7970711307487, 557.424774755687, 546.3014116423021, 539.6192009783657, 532.9363291288381, 527.1
933420940147, 519.5803561151068, 512.2412167499092, 507.5987654671837, 508.7722831877215, 496.6703592555718, 496.24579255081807, 495.1015346585516, 487.187189
7508151, 481.2212638016635, 481.9184097800703, 476.25925392707865, 473.2524479505887, 470.67351529285173, 466.95380405763075, 463.02343972745166, 520.67712397
85518, 560.7881868937477, 523.1775256087906, 497.96778722812365, 480.6493297802445, 462.80990824835635, 460.2994833475863, 447.3502512574276, 454.465806015089
9, 458.8442797402834, 443.52498222531517, 445.23048451816646, 442.4179648631363, 437.54675533571697, 429.9374413754476, 429.85292781172905, 424.1025307003629,
 425.07842083066214, 419.5896066019987, 412.3205980205367, 408.9911464780598, 403.78400588251486, 398.2794109141358, 396.1329925847271, 418.4280790211934, 392
.9876353989067, 390.0328919347169, 390.94187400727463, 387.6837466665638, 384.3666413069721, 379.56245825389124, 423.68494298383, 410.1255278894283, 395.39355
439899515, 370.33244862910715, 363.93279640746306, 359.0924444791005, 356.7028323994984, 354.50495705523065, 351.90891575100534, 349.74146585697696, 349.10897
10355274, 352.9554398970086, 345.0103833065077, 343.4412068220482, 339.8081856604409, 338.74419257255795, 334.132234741728, 332.6511639877934, 330.69807256767
53, 332.68076503418615, 328.83634355576623, 326.1279077353668, 325.47376607674977, 322.9127767214004, 319.52776425273566, 326.19759875741, 315.4867033166821,
313.569536515004, 311.05470731134375, 308.78295494187665, 306.91559931099846, 305.8092344148322, 304.35284354216014, 300.8363287698313]

'val_loss': [-16392.965101961236, -15040.522614707852, -15908.774781105963, -17247.116425454828, -18298.649890596895, -15569.527358534204, -17322.22145799764
, -15553.362620425387, -15982.983962652468, -16453.410327512553, -17153.922266854577, -16309.413112651531, -16331.159951466827, 690809.1191385025, -16908.3577
64253728, -17276.14985766179, -18111.0149957199, -18490.444906300356, -17685.693726198897, -18639.62060601767, -18852.602312542156, -18780.97431910693, -17411
.19113823142, -18898.608115268773, -18750.598725250366, -18884.076340356365, -18824.77513124274, -18972.632421230937, -18224.535046905447, -18501.544876936878
, -18524.299271797478, -18502.301879672395, -18502.200935327746, -16729.790456020946, -18946.015334878306, -18670.745214163093, -18240.117726757475, -18869.20
5062901663, -19134.246286530157, -18959.111755256738, -18918.697806492637, -19248.22725882134, -18872.42290111154, -18883.98454904374, -19244.888897443885, -1
8835.894375942677, -19107.048690236687, -19061.68275295333, -19135.162099567657, -17004.2893068053, -19259.28480904079, -19096.003132787322, -19306.8207115271
1, -19291.93344327316, -19224.94755925977, -19321.34080940732, -19136.995304332093, -19062.107599870953, -19247.47306303516, -19116.49561245831, -19121.791704
920182, -18154.157690801123, -18673.570667174503, -19103.155879809405, -18542.91374354179, -19547.15813271706, -19301.32303469633, -18688.50624757012, -18619.
855041471885, -19301.37960242496, -18063.605274066926, -19252.527535651887, -18177.5154809638, -18772.427551548564, -19149.559228446094, -19421.61613328384, -
19107.89775801216, -17510.74070117524, -18589.4374448154, -18866.922092810837, -18994.840652636212, -18967.739613877595, -19240.168698884714, -19384.555311364
104, -19259.40554123651, -19115.860634145713, -19406.408088364453, -19237.24137319779, -19350.60670476795, -19542.181100635633, -17522.07935179612, -19017.318
53517528, -18612.565197604785, -19108.589842578975, -18883.61458913967, -19150.77039239325, -17454.537234382027, -19349.55202985648, -19360.91348576969, -1933
6.55584388818, -19428.85735820046, -19422.25258928488, -19167.947610784915, -19508.944345671654, -19539.893866253606, -19275.20532082014, -19383.559394731787,
 -19034.73636940367, -18402.144786972804, -19357.305868333347, -17601.631971264193, -18907.07614098919, -19260.634171182923, -18972.847417214318, -19286.25542
858381, -19499.3264296471, -19311.827823021667, -19283.358117464446, -19601.852037351044, -18645.921856263583, -19555.023035398946, -19550.780157725494, -1887
7.544835804587, -19504.15569288438, -19252.802381457037, -19349.04223802977, -19519.87790282709, -19630.21517588225, -19637.7716734957, -19556.974271094863, -
15710.71302953796, -19627.59243859725, -19270.54529513954, -19646.499168717914, -19434.07668083218, -18906.057739047395, -19183.150167690925, -19106.420220633
01, -19203.99272295164, -19316.832302049763, -19336.626214353968, -19572.363423236904, -19290.54357885455, -19360.778281449075, -19412.40651611566, -19140.450
575969142, -19292.413114700827, -19554.352084192087, -19504.30888167602, -19376.96478022184, -19628.89743232055, -19576.663892262095, -19259.36168294588, -192
83.410103992963, -19664.221739629393, -19500.956957914495, -19611.288657910514, -19750.211147699167, -19636.07207328398, -19696.49758505162, -19364.4357677597
8, -19682.17880879136, -19617.39438487175, -19677.54854356568, -19721.264395422695, -19615.346506741596, -19029.633609675955, -18643.622994910722, -19624.8684
47816738, -19658.846120010257, -19600.449605774094, -19755.064798431293, -19585.31842626986, -19665.891530056724, -19773.029386019356, -19672.501762686898, -1
9740.1109081658, -19712.12357983821, -19649.95749556181, -19748.3722284742, -19789.283443624467, -19754.909802746526, -19703.875401954676, -19666.133876523505
, -19396.100829730476, -19710.889244506718, -19670.525221411743, -19754.241206619343, -19794.71576168801, -19734.94449322093, -19746.422354827904, -19828.4746
08350352, -19345.661738306135, -19498.41006666651, -19516.075412757393, -19817.15452361491, -19749.38877726734, -19767.7875360676, -19687.292030319033, -19708
.256915054946],

'val_reconstruction': [-16392.965101961236, -15074.043125521106, -15956.498566664168, -17321.691373900405, -18388.32313906402, -15707.28040964
2462, -17471.848367209164, -15721.090359806523, -16360.2316034742, -16832.37220520006, -17503.570143140365, -16589.35297592839, -16576.341988923265, 690608.59
86628933, -17137.266442083397, -17516.54157230149, -18374.857787381494, -18768.438368023028, -17963.60248804968, -18926.482075104923, -19144.69570581836, -190
76.975239094234, -17698.858951820475, -19195.39532110704, -19037.96804782353, -19169.90910525416, -19121.714881076456, -19255.81005709337, -18589.793722158858
, -18811.263089582317, -18822.60221285857, -18800.996737814305, -18781.630724999766, -16926.224933602825, -19232.278397380647, -18918.923631539008, -18530.986
391067647, -19136.38475830609, -19407.538824342588, -19227.977452333387, -19186.426767985788, -19524.828090161976, -19152.573246505657, -19136.94656857177, -1
9523.67067001424, -19089.024697816738, -19355.013500758825, -19325.223791266955, -19405.49471545239, -17282.921297245044, -19523.84737344722, -19391.105326470
34, -19579.98593729507, -19564.42027728139, -19496.96053656997, -19579.40180566355, -19431.381668993105, -19358.70544948662, -19512.78618543548, -19363.206663
98697, -19384.086205079442, -18421.18414515687, -18927.949541221285, -19360.456322632886, -18823.974074216116, -19807.63843415672, -19559.209987212394, -18952
.84269973605, -18902.08106383614, -19569.40804591476, -18354.654172746243, -19521.804962398353, -18468.135426961937, -19076.648161723377, -19422.159807430628,
 -19690.747449798117, -19382.267953292456, -17821.91012682797, -18903.329148183973, -19167.391805247837, -19294.817865933917, -19252.48128539426, -19535.08108
2865312, -19664.755542905223, -19546.978043994277, -19433.080662759734, -19696.913943201725, -19521.475523507175, -19637.435565757794, -19827.16259476528, -17
826.046695686644, -19321.095742939884, -18919.337878475606, -19409.778770206052, -19181.437968117647, -19458.269320026186, -17740.036750601907, -19657.7793778
2217, -19673.99433882115, -19648.471133477058, -19733.66254689959, -19735.131096361387, -19476.10336836848, -19816.852945042578, -19846.411682096885, -19585.0
52890414216, -19679.93670926469, -19346.787156655177, -18714.385216909148, -19665.249981995476, -17955.358510782808, -19248.527200445693, -19594.260803885933,
 -19296.160658620156, -19621.955361952427, -19817.945791596016, -19619.178019519833, -19598.65271511162, -19917.627929467933, -18938.508422311792, -19859.1389
90979587, -19863.524772616027, -19188.649325723225, -19820.246546205173, -19552.740129275415, -19667.671890369715, -19832.51618343303, -19934.13092656262, -19
939.155119081635, -19868.063318547178, -16051.710381848161, -19939.83621708246, -19575.9208607451, -19954.274582617054, -19749.823704669583, -19302.1991741046
33, -19552.842294268296, -19458.132597909484, -19541.360721972662, -19659.486850109843, -19661.29606391811, -19886.560334772916, -19615.93377379525, -19700.75
036389633, -19730.00115799834, -19470.876232212115, -19621.644048787286, -19877.99531633511, -19828.037631213465, -19694.923803533453, -19949.204992493724, -1
9898.70887576234, -19575.00137829761, -19597.149278882185, -19981.824543856095, -19813.997300053165, -19929.500227471803, -20056.825588118536, -19953.37391358
0625, -20010.31340373932, -19678.097246683654, -19997.836418059796, -19936.23636574421, -19989.435823529893, -20030.280172802453, -19933.27958802134, -19389.6
21890633196, -18983.146103937925, -19941.727005294208, -19969.984189538758, -19908.105546037717, -20057.86181029496, -19891.968617381306, -19972.259780848337,
 -20079.15937546841, -19979.23965178956, -20051.813952218625, -20020.679004938218, -19954.796877488432, -20051.346721917624, -20091.287956173182, -20057.23144
9777035, -20004.60112395076, -19967.707168991936, -19694.870602650968, -20020.009214803642, -19975.039670408874, -20057.73208461951, -20102.4984352165, -20035
.937208560903, -20048.852819157284, -20133.717620984553, -19648.585070062487, -19796.133201134257, -19812.947587949908, -20119.803686126386, -20046.1843628213
3, -20068.365149475616, -19988.83096093223, -20008.845069014416],

'val__kl': [9948.570912870395, 6704.097931111761, 4772.380305443105, 4971.663287171, 4483.66
3052453475, 5510.122044879279, 4987.564321604142, 4792.221173511509, 9431.19180117852, 8421.374829981662, 6992.956826503421, 5089.815121378309, 4086.367113048
362, 3085.607283876904, 3270.1239790299983, 3205.2229132719112, 3298.034577635072, 3270.5113941928234, 3087.8753601453886, 3019.5945444313616, 2920.9337132312
47, 2819.0567671324034, 2615.1621968543022, 2580.758134367476, 2394.7442413515337, 2286.6620549222907, 2284.152221487566, 2097.6118018050197, 2608.99066147014
13, 2135.98749360693, 1988.6862831576013, 1927.0636311287842, 1746.435915062044, 1190.5119762018971, 1683.9003433539735, 1418.162428195979, 1615.9367059803274
, 1444.214688342041, 1438.3818291217626, 1378.7983233578996, 1338.6449860929683, 1349.272380456908, 1334.0492236664795, 1176.567295891265, 1267.1897209514557,
 1125.0235965216723, 1078.107887623148, 1121.4512616689083, 1126.3860254934557, 1137.2734655954755, 1058.2500972866449, 1157.2633405203835, 1050.6355447964288
, 1028.2524040477758, 1007.4551516206049, 938.4034341856304, 1051.3798759418708, 1040.694012560498, 914.8729993432374, 836.30876796299, 874.3150223991659, 875
.4964714287586, 820.5768942836878, 816.8265766703296, 878.3134995713312, 801.4778572110537, 781.4755074284401, 789.0639585220393, 830.0763886245949, 776.89402
27777, 831.5681999919565, 758.5281701741579, 807.2776909637852, 833.4810528083692, 736.7583298510557, 717.6836495841541, 722.026858410038, 808.232198254776, 8
04.8503350451782, 760.6829248013939, 749.9430024545071, 703.0657944026348, 719.2986315435835, 675.1813823634482, 684.6964134977361, 746.4000972463909, 675.594
9483941647, 653.4118139699669, 651.8839513731085, 640.4078028582476, 675.4829542069548, 667.6421879537726, 666.8971752391748, 647.7180388578632, 633.666766888
5004, 647.3662084079009, 594.7906939084764, 635.5203849737017, 638.9405484963221, 630.1318614576331, 609.6102974665877, 619.5614688384125, 604.2270126222697,
597.8807084087059, 589.4572666216529, 590.1858655450262, 559.2025657390213, 583.2724457507564, 578.2230177219417, 565.0351574576206, 643.1391474945314, 615.22
70064606603, 595.7618708873201, 572.2357567237751, 588.9472839222814, 554.1207307090665, 529.9140563155189, 538.9650908502102, 535.2134215800844, 491.74209278
869745, 506.85989993527886, 516.9332948296018, 510.00732176920144, 513.9689280348347, 483.7705283237524, 509.8074859365266, 496.2512905918783, 478.60744801724
07, 470.9116120297343, 482.3086708067132, 524.6113192828387, 476.7081082691489, 462.6902330077356, 462.8201722536256, 471.2642339423242, 586.8762194863558, 54
3.6649154460672, 513.4486529660405, 488.9390550241883, 493.02812963195674, 463.81412240392683, 445.66934390047686, 458.29608743011903, 475.4853604801375, 441.
10370438661585, 455.7595300246311, 451.0012725004413, 440.33095229591356, 437.4712657595399, 426.79067230853576, 427.0767697729754, 426.54961946412095, 415.31
53451014555, 410.1166163709472, 412.47119584791506, 403.92302665147236, 407.963603283524, 390.5916251710247, 401.64790939243, 394.73686007042477, 392.07685407
541203, 392.12121237127496, 393.6321100971022, 382.68379216343175, 376.848617676074, 385.37339593223624, 433.7207743220089, 406.61448367871526, 377.2125877249
431, 368.2107226487481, 361.94812749327906, 354.14850068279964, 356.5700280847716, 354.18285009359425, 351.87355916685743, 350.55755397725443, 354.20795888099
536, 348.65028268247585, 342.5161659454, 338.5190508251452, 335.5605126247765, 334.05707694425814, 330.4678045657499, 329.58832192622873, 324.7497462121334, 3
34.18371417127, 327.4348462011953, 324.58918388828135, 327.4284255616643, 318.51079736523906, 318.3478900732455, 319.62614368529347, 315.54513843933483, 308.5
213655707522, 306.05380802058767, 310.4094339693932, 302.8526235753554, 305.1549649796439, 304.58477223535033, 302.0986379654719],

'val__kl_reconstruction_los
s': [-16392.965101961236, -15040.522615220176, -15908.774781618287, -17247.116425454828, -18298.649890596895, -15569.527358534204, -17322.22145799764, -15553.
362620425387, -15982.983962652468, -16453.410327512553, -17153.922266854577, -16309.413112651531, -16331.159951466827, 690809.1191385025, -16908.357764253728,
 -17276.14985766179, -18111.0149957199, -18490.444906300356, -17685.693726198897, -18639.62060601767, -18852.602312542156, -18780.97431910693, -17411.19113823
142, -18898.608115268773, -18750.598725250366, -18884.076340356365, -18824.77513124274, -18972.632421230937, -18224.535046905447, -18501.544876936878, -18524.
299271797478, -18502.301879672395, -18502.200935327746, -16729.790456020946, -18946.015334878306, -18670.745214163093, -18240.117726757475, -18869.20506290166
3, -19134.246286530157, -18959.111755256738, -18918.697806492637, -19248.22725882134, -18872.42290111154, -18883.98454904374, -19244.888897443885, -18835.8943
75942677, -19107.048690236687, -19061.682751928678, -19135.16209854301, -17004.2893068053, -19259.284808016142, -19096.003132787322, -19306.820710502463, -192
91.93344327316, -19224.94755925977, -19321.34080940732, -19136.995304332093, -19062.107599870953, -19247.47306303516, -19116.495611433664, -19121.791704920182
, -18154.157690801123, -18673.570667174503, -19103.155879809405, -18542.91374354179, -19547.15813374171, -19301.32303469633, -18688.50624757012, -18619.855041
471885, -19301.37960242496, -18063.605274066926, -19252.527535651887, -18177.5154809638, -18772.427551548564, -19149.559228446094, -19421.61613328384, -19107.
897756987513, -17510.74070117524, -18589.4374448154, -18866.922092810837, -18994.840652636212, -18967.739614902242, -19240.168698884714, -19384.555310339456,
-19259.405542261156, -19115.860633121065, -19406.408088364453, -19237.24137319779, -19350.60670476795, -19542.181100635633, -17522.07935179612, -19017.3185361
99928, -18612.565197604785, -19108.589842578975, -18883.61458913967, -19150.77039239325, -17454.537234382027, -19349.55202985648, -19360.91348576969, -19336.5
5584388818, -19428.85735820046, -19422.25258928488, -19167.947610784915, -19508.944345671654, -19539.893866253606, -19275.20532082014, -19383.55939370714, -19
034.73636940367, -18402.144786972804, -19357.305868333347, -17601.631971264193, -18907.07614098919, -19260.63417220757, -18972.847417214318, -19286.2554285838
1, -19499.32642862245, -19311.827823021667, -19283.358117464446, -19601.852037351044, -18645.921856263583, -19555.023035398946, -19550.780157725494, -18877.54
4835804587, -19504.15569185973, -19252.80238043239, -19349.042237005124, -19519.87790282709, -19630.21517588225, -19637.7716734957, -19556.974271094863, -1571
0.71302953796, -19627.59243859725, -19270.54529513954, -19646.499168717914, -19434.07668083218, -18906.057739047395, -19183.150167690925, -19106.42022063301,
-19203.992723976287, -19316.832302049763, -19336.626214353968, -19572.363423236904, -19290.5435778299, -19360.778281449075, -19412.40651611566, -19140.4505749
44494, -19292.413114700827, -19554.352084192087, -19504.30888167602, -19376.96478022184, -19628.89743232055, -19576.663892262095, -19259.36168294588, -19283.4
10103992963, -19664.221739629393, -19500.956957914495, -19611.288657910514, -19750.211147699167, -19636.07207328398, -19696.497586076268, -19364.435768784428,
 -19682.17880879136, -19617.39438487175, -19677.54854356568, -19721.264395422695, -19615.346506741596, -19029.633608651307, -18643.622994910722, -19624.868447
816738, -19658.846120010257, -19600.449606798742, -19755.06479945594, -19585.31842626986, -19665.891530056724, -19773.02938499471, -19672.501762686898, -19740
.1109081658, -19712.12357983821, -19649.957494537164, -19748.3722284742, -19789.28344259982, -19754.909802746526, -19703.87540093003, -19666.133876523505, -19
396.100830755124, -19710.889244506718, -19670.525221411743, -19754.241206619343, -19794.71576168801, -19734.94449322093, -19746.422354827904, -19828.474609375
, -19345.661739330782, -19498.410065641863, -19516.075412757393, -19817.15452361491, -19749.38877726734, -19767.7875360676, -19687.292030319033, -19708.256915
054946],

'loss': [-12745.209423746015, -15264.60594048416, -15468.776800639038, -16077.35529756232, -17447.46021967912, -7713.936569443888, -16521.07183021450
3, -16148.592969764588, 27227197.938708626, -16273.894517090142, -16536.12523647947, -15629.946903550263, -16408.737373582724, -16416.11442596625, -16776.0771
41842452, -16172.523917700113, -16858.646263942304, -17521.290049795036, -17756.035698587897, -18143.640142096454, -18307.19437472673, -17981.258876726228, -1
8498.54484675296, -18531.78866035179, -18456.55688876674, -18621.319982344983, -18691.016062169332, -18746.048477874923, -17614.998492532013, -18081.572933153
337, -17424.532274891506, -18008.298908809433, -18350.197532032063, -18562.547204504317, -18595.117314666553, -18735.403401999854, -18805.20204261823, -18840.
035475346558, -18903.378509074093, -18837.85211339191, -18953.690008769645, -18996.425602994972, -18481.193591417363, -18868.11301162489, -18958.956993301304,
 -18960.26093110645, -19017.72461972215, -19061.292812540985, -18614.509152012077, -18895.664687546476, -18494.28903818969, -19013.291474284564, -19067.589430
271157, -19130.493156872788, -19093.855302374523, -19130.675981663113, -18948.43665904027, -19129.611859043067, -19195.419436290893, -19012.140919280784, -192
04.795196342046, -19220.809986207736, -19196.78937719376, -19248.486305388262, -19274.464478946673, -19287.883731605405, -19138.76239983667, -18677.7814215650
6, -18375.403269897593, -19080.463308408293, -18522.721843792962, -18871.446934376716, -19095.136853846165, -19069.279738030866, -19223.474451503214, -18940.5
74934960714, -18914.382354245266, -18276.405671945682, -17470.92291879724, -18484.315110788782, -18566.62500283609, -18854.9238176269, -18917.85211548924, -19
090.614849241032, -19101.54539411577, -19242.521748842548, -19227.359871384117, -19256.968523588646, -19248.14811681386, -19267.339409929085, -19239.582877644
04, -18651.974955940448, -18880.623080850884, -18923.6849517241, -18871.89175191522, -19029.297237031282, -18878.174521845987, -18954.864509978514, -19053.313
737826866, -19093.83718265724, -19255.338183673, -19294.86051536377, -19335.03787841015, -19394.288570850324, -19432.320150541043, -19329.766531192054, -19338
.976599650472, -19143.573783625397, -19281.3253265079, -19298.67468568042, -18423.328699049485, -18644.20297012669, -18988.005024389357, -19132.261064212777,
-19096.560507213217, -19250.500384537016, -19323.34812323028, -19302.38669027018, -19375.589611424028, -19456.0101060494, -19443.90759525287, -19301.655335475
793, -19301.124231689882, -19262.041212595926, -19415.688639446613, -19060.203868931192, -19370.617509370895, -19444.880269205554, -19425.657559712563, -19327
.49484784257, -19464.001073205647, -19416.135912420286, -19453.6296459202, -19493.33355686438, -19394.644210392322, -13126.003327344855, -19062.347415598735,
-19084.789360181803, -19097.64550913334, -19128.127926360812, -19354.665382946245, -19317.737304510243, -19459.972292567385, -19261.206713168944, -19383.67654
0788827, -19414.36934472274, -19457.649529558777, -19444.44858870835, -19458.63782326012, -19490.551993703022, -19474.366667249284, -19508.58377890267, -19466
.063367211846, -19526.93014537049, -19525.63742715003, -19530.03974240649, -19551.961685012895, -19546.20519274186, -19545.44274159257, -19319.754975688684, -
19566.554957660308, -19565.916229161885, -19543.50335849151, -19538.857371488684, -19564.00193229347, -19581.92361368011, -18968.36877025928, -19066.708551981
275, -19333.645116275606, -19541.594283907398, -19576.520582199217, -19593.578398065012, -19599.942730444913, -19590.110014220056, -19613.507344941067, -19604
.379395763463, -19622.489946759026, -19498.707085208873, -19504.46207693975, -19510.067629530477, -19570.34902347341, -19548.487847232387, -19633.59454579502,
 -19619.187940282165, -19650.26578418233, -19598.990040377394, -19655.818205494325, -19661.25490453488, -19639.25830466429, -19630.21313569736, -19665.7196258
55054, -19560.888266085618, -19676.69051814716, -19695.91656325312, -19697.795593332692, -19714.994488388926, -19710.983677038603, -19707.131413016083, -19717
.374774380005, -19701.128351609423],

'reconstruction': [-12745.209183535317, -15298.715010239835, -15524.322321242069, -16143.331433942301, -17536.09884749411
, -7820.277511089518, -16685.42644690286, -16333.708445335198, 27226794.47927593, -16674.905109409803, -16923.00668716064, -15936.749576551392, -16681.0123555
47944, -16657.715575203547, -17008.508513297485, -16432.23959913233, -17116.96336757276, -17793.85633660225, -18035.932096871602, -18429.744647209885, -18594.
801752425075, -18270.496808679898, -18794.82959829312, -18821.895975660762, -18746.57879723533, -18911.729100739805, -18977.26500990728, -19029.913681256505,
-17925.991376536484, -18412.423842371772, -17731.519119989713, -18307.352379192875, -18649.869961661207, -18852.43718961412, -18877.530121529508, -19014.32017
893395, -19082.261787845353, -19114.050558918952, -19177.103228043332, -19109.795244588717, -19224.544153791314, -19265.979938531807, -18767.352723420838, -19
144.708642059108, -19230.063844909797, -19226.42996682042, -19281.598525337322, -19324.947114219038, -18883.872088181, -19166.21800859613, -18758.647569949655
, -19280.662065749555, -19333.395977149707, -19395.003586844672, -19356.32523523388, -19392.02396190421, -19209.280903139505, -19392.00344849158, -19457.41501
9348253, -19272.513948700118, -19466.720026994622, -19482.68968907842, -19458.739783496385, -19512.149335943126, -19539.008472560734, -19551.550750272592, -19
400.195799570767, -18949.34429614146, -18656.072928327412, -19356.550545781458, -18835.85282811596, -19155.45841748435, -19370.993116943406, -19340.7718593013
34, -19496.299829072144, -19217.10114457719, -19185.637559275165, -18582.74183932667, -17809.22423114485, -18795.442625251188, -18869.24267011765, -19154.1142
03186917, -19210.566306714725, -19383.016828041327, -19390.12848063087, -19534.461421871907, -19516.808094918615, -19545.725669813677, -19535.673580163948, -1
9555.140345809952, -19529.42288002745, -18953.672510764147, -19184.22282716093, -19227.07207943121, -19176.98681060542, -19334.537946087457, -19183.2294857319
7, -19260.693325673576, -19360.037635570065, -19404.076914150282, -19568.334976033955, -19608.98584587101, -19649.270182418222, -19706.981767422403, -19742.08
0147028228, -19638.24257234807, -19644.873060472215, -19457.980514328687, -19590.053282595494, -19605.2376329293, -18755.030872530333, -18994.87350568323, -19
322.23537748412, -19461.29749484088, -19420.204738873916, -19571.019521861173, -19640.20283490931, -19618.063824645484, -19690.021949527832, -19769.6900753719
82, -19755.65574774015, -19611.56118958985, -19610.75937542953, -19574.93609026042, -19723.624130526146, -19370.357367440396, -19682.531403981313, -19754.2440
3667092, -19733.639079921817, -19638.332131398234, -19773.569513454917, -19726.11615830633, -19764.274096590972, -19803.857764719225, -19704.869821261098, -13
477.458629911958, -19443.683276510623, -19443.16587126809, -19441.243145606197, -19462.17910961951, -19678.63223387618, -19642.24833506048, -19777.59090330125
4, -19586.149647151244, -19714.044371765303, -19735.924906774108, -19782.667715663403, -19769.625687753767, -19782.42235137368, -19810.855313972752, -19796.75
6271277984, -19828.78109373838, -19789.12288795798, -19847.916144806546, -19843.12420077423, -19847.00779907661, -19866.91312042228, -19858.85446566893, -1985
8.387720339837, -19652.40524449682, -19880.944994892387, -19879.89262368768, -19860.166195570244, -19854.819560156604, -19879.18251312478, -19895.06255227323,
 -19320.02714444159, -19409.163264337763, -19665.775614534192, -19854.525124030388, -19885.863419767767, -19900.60238131994, -19906.7070818353, -19896.7567182
18097, -19919.66802642552, -19910.403098767096, -19929.705763198206, -19811.072562865378, -19811.5212524104, -19817.447400080757, -19876.176310418385, -19855.
05126760946, -19937.65482256689, -19923.56368655999, -19954.50795858372, -19906.719698191322, -19961.635958204817, -19966.184449985725, -19945.203578188655, -
19935.365657398193, -19969.27091570722, -19872.406929700646, -19979.557654007476, -19998.511099929197, -19999.518601340013, -20016.05781322183, -20011.7609032
02998, -20008.353446522786, -20018.684018314747, -20000.460426034297],