'val_loss': [-1170.8595865528307, -12215.92006518753, -13019.707957301858, -11320.37891355613, -13174.238797877626, -15055.762775328663, -13366.88367068916,
-14252.178390802595, -15530.657691204207, -14858.70840409975, -16559.83197013142, -15840.314950574037, -13754.889874154736, -16557.02335713258, -16898.550019$
67052, -16992.46501291499, -16976.730971046374, -17259.653242965884, -15889.74134055104, -16478.88748814159, -16542.53484714454, -16266.231216293454, -17098.$
2386313822, -15954.27098671521, -16976.52542968469, -16701.20229111777, -16964.59799823304, -15976.625673217643, -17054.141170009127, -16217.117143171467, -1$
343.900098941847, -17242.345036581228, -17224.024851938484, -14700.205870980504, -16809.301679903874, -17078.965443555095, -16352.776457390093, -16167.059876$
56653, -16798.222384658704, -16958.013884174252, -17335.398181082972, -16125.7618206143, -16550.468658181628, -16864.35458906396, -16609.514443233624, -16891$
751322690365, -16101.205524571636, -16365.187855260525, -17372.59564313044, -17190.357862490782, -5080.009354655241, -15963.926358504446, -16544.694652840848$
 -16356.354632970986, -17370.428782383013, -17310.194800930465, -17073.18445587323, -17242.58993774616, -17333.989553078467, -16673.435685761702, -17355.3832$
740383, -17172.796702181946, -17192.73056049812, -17331.774028874945, -17095.843904974237, -17364.308319489155, -17350.09421141015, -17014.46525036418, -1719$
.242076081533, -17457.502325035068, -17542.890657034564, -15254.481510294898, -15861.950356890355, -17199.886780149584, -15559.698789514918, -17151.142242183$
67, -17262.240258822432, -16191.601369590093, -16636.349879139765, -17184.031344698673, -17433.31510182496, -17305.982952552873, -16885.679646332774, -15658.$
85441835344, -17095.460456700508, -17230.558844265925, -16934.849366727212, -17348.692472944844, -17183.511162360173, -17093.631806221227, -16956.34149915024$
 -17418.2238960439, -17427.69177858158, -17475.862605011556, -16905.311993348052, -16947.728686476017, -17083.906032783165, -17399.383594958323, -17486.47990$
698465, -17076.28190713011, -17528.89372799731, -17027.977513561298, -17395.599943630405, -16591.212327701807, -15473.203185837574, -17586.260850023154, -176$
3.257528122977, -17025.983772525356, -17395.72704653105, -17535.858830131376, -17324.632773018802, -17283.871438121583, -16016.505976273065, -17555.698021247$
46, -17113.99933022467, -17271.677119395637, -17106.709251329714, -17436.77636767926, -15299.037364878763, -17283.15742530326, -17489.052790575992, -17303.61$
07149778, -17263.96419041346, -16365.079706917442, -16682.664821775412, -17166.341991189933, -17579.594965908476, -17448.079582010738, -16924.249781799645, -$
7484.43948319253, -17525.18125059011, -17439.976108957988, -16838.577669490955, -17268.871220764242, -17662.59367974876, -17622.197349223978, -17650.19610662$
027, -17669.00894199945, -17503.92242857978, -17452.213299206218, -17643.872252754973, -17499.505056403315, -17701.97454938044, -17094.24396050082, -17012.20$
16573673, -17708.77403519756, -17382.54221973127, -17440.807590421777, -17417.030762877894, -17481.369113789027, -17100.974710396284, -17541.65668148312, -17$
79.08464726571, -17792.901225912254, -17307.958187023414, -17683.300372106773, -17787.671895794367, -17754.23558360235, -17318.89378616534, -17529.5252418328$
, -17724.99551178872, -17252.67965237438, -17652.800733900665, -17507.050651144702, -17454.4807688633, -17336.346664021472, -16811.137457371547, -16914.75521$
485092, -17091.847441000198, -17470.51819127783, -17733.94430706424, -17628.26969648092, -17582.841777766662, -17413.259423360952, -17574.506088253544, -1763$
.509936897524, -17754.355659271365, -17530.724477583673, -17502.167536845373, -16775.36817312491, -17738.757845096578, -17450.75336447243, -17870.05460685157$
, -17038.936042427253, -17693.644166365055, -17788.65061037088, -17646.10952561866, -17098.50615878579, -17747.33152235001, -17676.648401671868, -17780.11248$
336405, -17771.258605917516, -17755.31369792416, -17526.16534641168, -17802.517688138443, -17688.89914745904, -17776.329209538657, -17680.746869042694, -1782$
.874952229155, -17745.4758207874, -17858.2998189485, -17830.118941813987, -17771.598755541418, -17852.593284936785, -17688.208872956533, -17479.951156138723,
-17538.61973003291, -17700.202746486313, -17642.71012160209, -17891.82221195305, -17494.083057901636, -17782.62358766905, -17802.034838573887, -17781.8848833$
608, -17286.683473339373, -17356.901672429143, -17451.578094229957, -17215.016571846227, -17685.346479682215, -17836.604064006187, -17776.64147532102, -17702$
959491869966, -17715.315024829597, -17298.250214406788, -17525.825817808745, -17488.192412528773, -17066.557686525473, -17514.18248532592, -17824.76279401549$
, -17900.991159864847, -17617.74648209886, -17894.211384016886, -17817.924258765106, -17779.922217545052, -17802.55699047618, -17834.692638878274, -17615.281$
6963258, -17833.736209119397, -17891.885705867608, -17662.825953815147, -17915.75816516123, -17716.161344057982, -17950.876619291103, -17866.411482874435, -1$
926.125285220038, -17817.711157948394, -17806.482842960937, -17852.308842017886, -17479.604618850488, -17945.62053721967, -17425.198641987314, -17727.1663691$
9245, -17723.875083598978, -17904.974741025824, -17762.729413576362, -17851.928433374847, -17905.449997555257, -17954.348888175762,-17652.041822671257, -178$
5.547604629388, -17740.264084811795, -17941.998719179377, -17812.40973951964, -17879.912382933333, -17629.600437777633, -17744.898309361735, -17981.719892847$
88, -17754.79559165033, -17422.073293541158, -17771.00078021028, -17870.230118617816, -17892.083713345713, -17892.16615598698, -17972.251780728453, -17958.47$
42788064, -18005.57483232434, -17898.703867415115, -17900.636375361933, -17758.166811290554, -18021.423869854236, -17681.42039621138, -17772.147448784035, -1$
520.535350705435, -17848.097675358338, -17934.018159383766, -17717.3849864949, -17747.254513782733, -17529.76784760876, -18069.42566702148, -17940.5687487073$
7, -17837.85346588712, -17942.451987491906, -17950.5633661978, -18069.42615358158, -18023.121212755603, -18116.65226970519, -18066.080038643802, -18060.71451$
800726, -18041.62456135125, -17885.017852245343, -17846.611691745424, -18159.808875457475, -18033.934142131187, -18147.174560142932, -17990.7831861242, -1808$
.532425584264, -18138.413604461908, -18220.841584856757, -18230.13921590061, -18270.71752327283, -18126.483711266275, -18169.16032836554, -18353.223353844824$
 -18372.246756359706, -18221.1023382142, -18218.40706969148, -18327.59513605698, -18462.66864639347, -18494.731643210245, -18418.104862060285, -18431.8787814$
3796, -18366.929293952548, -18478.75026372316, -18316.71712635332, -18643.708554858913, -18556.557518765512, -18566.180362052415, -18564.19054679632, -18668.$
2101846877, -18629.34753794691, -18583.77298859457, -18208.071126290375, -18414.726829876225, -18618.996096700554, -18654.160622999243, -18660.820803837178, $
18490.20211900223, -18565.299445352404, -18727.97386934843, -18199.321245295978, -18094.411891736654, -18430.99694224449, -18476.790848848555, -18356.5422309$
1467, -18687.310630192973, -18562.06147770394, -18631.850110125844, -18734.67270761771, -18586.26965067711, -18515.284489003712, -18468.245191583563, -18635.$
44987349156, -18639.05198423225, -18646.733267278432, -18450.33960320975, -18627.706460669422, -18669.068089048225, -18656.411712595993, -18429.980423648703,
-18537.003088104047, -18622.998920238428, -18722.71292898218, -18598.67178564042, -18625.754914214805, -18411.62862721207, -18710.682665028595, -17856.637235$
18127, -18726.210709183466, -18672.036167727365, -18705.384306181884, -18739.44806100955, -18716.044957984137, -18400.679358162182, -18738.18249164853, -1873$
.75831128381, -18374.517321707972, -18722.832749498688, -18530.068975056874, -18586.12906698484, -15855.264859191222, -17035.00588705399, -17374.5549648519, $
17755.21707703695, -17876.393013963698, -17660.702573387258, -17942.058925195353, -18087.26765020277, -17971.6785495704, -17982.78449335929, -18315.322431839$
35, -18163.48545012499, -18300.990360405725, -18413.422744148353, -18471.786492007093, -18470.798468298144, -18310.1947181745, -17333.004266076856, -18409.72$
34100627, -18572.002467926093, -18646.507913661786],

'val_reconstruction': [-1170.8595865528307, -12239.683063353132, -13053.41573476054, -11373.232[323/1981]
 -13233.572200712853, -15125.423782461694, -13446.535668943556, -14337.898008756676, -15627.43366905933, -14960.826742315076, -16671.740095839552, -15958.3788
83277845, -13883.198358172298, -16698.525588593, -17040.324137399064, -17145.102387109066, -17135.26844207476, -17426.244662451216, -16063.270023500445, -166$
2.136753454113, -16726.508471316138, -16450.85507295451, -17301.318987842602, -16161.831414584607, -17189.30047326856, -16931.108544770836, -17188.3906910361$
6, -16208.82884114115, -17297.573829979632, -16451.83738383255, -14555.398386357097, -17499.2189593487, -17500.989481843706, -14956.427592607995, -17093.6485$
6970317, -17369.729758088448, -16626.123322962376, -16471.554331747717, -17116.98605583119, -17282.56990827436, -17666.874248311724, -16470.017689402965, -16$
57.153067337782, -17221.113980671355, -16965.6009057914, -17236.703776369504, -16459.02878052838, -16714.796818518003, -17740.53558253453, -17577.85209921948$
 -5405.305662235968, -16319.762258420033, -16928.139179791473, -16755.626112779657, -17774.314737080516, -17716.357419767464, -17475.76152724512, -17652.6895$
836136, -17736.898282806767, -17105.118616129235, -17771.2432744272, -17595.90676353657, -17617.802003059584, -17769.117608023927, -17528.1289968741, -17823.$
22518501367, -17797.511267034522, -17453.348053029007, -17648.855746804413, -17918.979356251348, -18007.750972277176, -15683.776020638128, -16323.66381549663$
, -17703.7440952427, -16067.91449791719, -17652.31004584315, -17762.244205256142, -16695.282500331585, -17173.741159724344, -17702.651565085245, -17921.27701$
866656, -17822.45460322661, -17360.150435726297, -16146.584825352606, -17620.501449142597, -17761.64091822868, -17434.369063348637, -17862.98657442585, -1768$
.641929144036, -17568.94921706397, -17414.594261148028, -17967.33693155506, -17949.06990658833, -17989.56130881996, -17420.580573396248, -17476.639617737706,
-17593.964581993878, -17923.436438644254, -18005.411372860992, -17604.255428172884, -18059.565646974588, -17554.15499095726, -17923.236344985296, -17103.6627$
6651052, -15930.935221682006, -18102.39962235743, -18156.8116960448, -17549.924459824157, -17917.51544037974, -18064.09133377882, -17822.26577056057, -17804.$
24346326255, -16538.456161258633, -18078.368849784863, -17642.350193162813, -17799.625989839984, -17632.138596987177, -17984.420253882363, -15709.48941875809$
, -17775.641544026734, -17983.95123018353, -17813.6916213593, -17781.272655322682, -16903.80509116363, -17171.08599131245, -17664.0426405362, -18095.09418204$
13, -17968.538276950625, -17411.62097319887, -17970.01317533923, -18019.989696812503, -17925.20139597646, -17359.463038152608, -17807.636886509965, -18172.727
170173235, -18130.020576588464, -18169.45623516294, -18180.263016571425, -18002.99324492168, -17971.07350036081, -18134.572174860397, -18016.249090667938, -18
223.952803108816, -17582.35599240275, -17514.794895039027, -18232.202560461028, -17919.318733814114, -17908.313698767175, -17886.30513963699, -17993.609456350
936, -17579.103519418568, -18035.577836548404, -18092.932924958186, -18296.46540196636, -17793.610070065777, -18206.904873075677, -18288.660953742088, -18259.
649782811262, -17813.163673448627, -18074.91804981993, -18228.041985092124, -17744.656254074573, -18186.41235567585, -18005.50479900277, -17960.025498811912,
-17805.85801296894, -17309.3309443228, -17407.613556072854, -17585.47350151293, -17972.553038562874, -18231.01553774796, -18143.03235561403, -18066.8481614969
24, -17931.7744394232, -18080.703410079535, -18154.061319779154, -18255.216669720256, -18059.27656030816, -17993.429716724517, -17278.901097071477, -18240.768
254925453, -17947.149530328305, -18377.206766121817, -17531.330942496268, -18192.845041217806, -18297.799961277517, -18142.514346427415, -17579.760290823277,
-18254.015424221954, -18185.325812188647, -18280.150033327187, -18276.226108957988, -18257.11417625081, -18033.582679809457, -18310.33934890026, -18181.158428
631483, -18291.357299778345, -18196.916802860407, -18342.69234143452, -18267.12354945238, -18363.434686578305, -18351.123696979983, -18295.528342722646, -1837
0.50945778406, -18196.162525824355, -17973.980131965553, -18052.56387509779, -18238.853178840553, -18131.521042494696, -18414.59535383583, -17978.398734943756
, -18287.79396856566, -18322.31542863373, -18304.0922949563, -17824.049942028676, -17854.5430423733, -17940.22781016204, -17699.40322245252, -18186.9633745155
48, -18352.360666077304, -18289.328331257642, -18202.45812042524, -18211.772107784513, -17784.860452513534, -18045.414658933034, -18007.73692708708, -17547.68
1426218212, -18033.44030063597, -18340.20898887108, -18415.759101329266, -18133.67648095236, -18411.836375867744, -18321.205186030907, -18292.946283793655, -1
8316.74666896716, -18356.859148791005, -18130.162911363168, -18352.225653448942, -18404.75900649009, -18165.63410034575, -18419.821812926002, -18218.430473470
882, -18465.67149690782, -18376.82026037358, -18444.509979891285, -18317.8664627882, -18318.960817791885, -18350.92482962669, -17978.588130322234, -18449.9028
13168792, -17927.011206196945, -18226.1025533235, -18236.91593005899, -18408.312636708913, -18264.515165556884, -18359.426383303136, -18399.89717620922, -1846
1.031607297813, -18164.613912387147, -18317.446121091783, -18245.54089324734, -18432.65321219584, -18314.731905106873, -18376.770519965965, -18125.44714451186
, -18245.635649104606, -18479.78073772795, -18234.107177541184, -17917.42686480514, -18258.851864439832, -18363.925798672306, -18365.233085749227, -18384.5197
5984754, -18469.515518218115, -18456.543636558297, -18488.152279399863, -18377.344093247564, -18409.332313800493, -18236.236352150925, -18498.498635158892, -1
8144.599220885637, -18253.63465013196, -17985.81884172002, -18299.28598043756, -18413.54265669399, -18168.487417581244, -18212.298640413683, -17989.5524981903
3, -18524.46274745297, -18393.41906298333, -18290.71888656841, -18417.49703525713, -18417.154673281148, -18521.14959509995, -18449.986626130765, -18558.612604
028036, -18498.56037475946, -18500.86043804178, -18477.67773606103, -18310.067777132714, -18256.36647178036, -18576.513953020465, -18441.20162246646, -18564.1
47566525116, -18389.279699414612, -18476.131266129683, -18509.10775261784, -18590.488948777293, -18600.69405289525, -18623.37042341266, -18483.835378440624, -
18484.141438228366, -18658.307102737665, -18654.361551523947, -18478.39171824981, -18455.452383427903, -18553.17561644059, -18682.155914620576, -18696.6433218
04637, -18607.78066579068, -18606.503704207433, -18531.4817199246, -18657.00625784004, -18478.448246051317, -18799.516597417678, -18703.66557233967, -18712.76
7133294143, -18703.706184301038, -18811.21631157943, -18764.883353434554, -18723.328367226277, -18343.11368280609, -18548.242231196273, -18751.10774812176, -1
8788.405461219067, -18791.201687519108, -18616.95161122626, -18686.96272918765, -18854.43305534449, -18347.416260380323, -18243.186407874207, -18569.957540712
, -18602.281014236836, -18489.59012573848, -18821.225309358364, -18687.285287338815, -18759.916997315842, -18859.672598587782, -18711.720730522982, -18648.220
120882714, -18602.078730003686, -18764.30465743247, -18756.45404557226, -18770.22483179043, -18587.358598442785, -18756.20419197585, -18787.192576214165, -187
87.63082200134, -18553.107846614002, -18662.9471127583, -18743.521991026948, -18844.763061813224, -18717.98980921449, -18753.543439011806, -18535.993088401912
, -18833.59448693552, -17970.463171629963, -18846.128780781284, -18796.920212153127, -18837.265612916788, -18861.192942082627, -18836.446294190842, -18545.340
90187419, -18860.645436366987, -18858.90898024423, -18499.906637365344, -18843.706375805923, -18653.71887181565, -18710.10810190701, -16169.965606186717, -173
64.715842582144, -17659.669210510936, -18017.036463625594, -18108.317267670715, -17928.198936059005, -18146.34383036742, -18281.2316746828, -18162.60874245782
5, -18170.046171082566, -18494.611922309996, -18353.659834780323, -18476.819310717303, -18585.985570254612, -18642.19019525911, -18644.022085444616, -18468.28
2016300534, -17570.881501611846, -18569.981874758334, -18729.6365431219, -18792.019220739516],

'val__kl': [2160.293246909788, 9505.20295906657, 6741[271/1981]
505, 7047.106823299302, 5933.338013986179, 5572.877007394083, 5310.132307077447, 4898.265668626021, 4838.800488723833, 4538.593110327326, 4476.330832412574, 4
293.233828901979, 4276.948573211347, 4353.915158770615, 4050.6946127976403, 4070.3326143352997, 3963.4360166099223, 3919.798097740411, 3856.1920797662096, 385
7.8780426690582, 3679.4720726905043, 3516.6451296851956, 3690.819945612894, 3609.7477526276775, 3546.253010388613, 3678.498642675774, 3442.964898001521, 3440.
047042514084, 3477.6102147482084, 3237.5200206728327, 2819.9769069418344, 3314.502440756426, 3462.057827537278, 3105.716575478214, 3345.259398000256, 3323.021
4828470357, 3037.1879176085017, 3291.8328290757804, 3355.407790820467, 3328.7796499928627, 3314.7607439964695, 3358.5929316257316, 2920.8040987419126, 3318.69
14846328223, 3237.150082819188, 3066.243785329349, 3111.5066887435873, 2975.3954776220294, 3066.1642851437455, 3163.2181380238776, 2602.370676457629, 2790.869
583120004, 2949.572586743422, 3013.369348393045, 2991.746913529293, 2953.9104554851606, 2875.5510071955537, 2877.8927477993097, 2778.680481655153, 2926.664879
047736, 2772.40011295697, 2774.4924015379684, 2742.395980375035, 2776.784826859494, 2701.7826038292264, 2828.394348280643, 2711.6190739565723, 2620.1948176326
96, 2662.433193581369, 2675.228159117515, 2656.3444083068157, 2418.560900712938, 2565.0745955425305, 2760.8618070101465, 2747.112614513035, 2672.8954382988973
, 2631.600279343522, 2616.5253733431946, 2755.8530968749155, 2625.9244961791755, 2439.8093410300125, 2550.477482404874, 2314.4915748916164, 2349.87657752674,
2500.196103493847, 2499.210187866571, 2323.3473182185917, 2364.5708529427966, 2282.4128919035725, 2136.2584241424292, 2036.6793584783131, 2413.683005272918, 2
266.862185558958, 2209.457041418867, 2192.632202332847, 2226.9935744702493, 2125.2447272579875, 2161.043042794808, 2118.0873141081915, 2133.22651325388, 2122.
6879129719196, 2083.8711130339657, 2069.1627640111883, 1990.0988191890422, 1760.5076138470536, 1966.2435183043824, 1975.6762600648954, 1958.6568814708419, 193
2.549022132583, 1938.4674610741386, 1809.574954728344, 1875.5062127123977, 1864.1079811626917, 1850.1620359887975, 1853.8630598532143, 1836.3440642513635, 181
1.8253315033119, 1872.2870305443262, 1391.3629286326777, 1655.4086894128711, 1649.6611771059074, 1686.190642223848, 1696.0934021246364, 1751.9524983501497, 15
75.5522598981188, 1592.6420224376843, 1636.5057915386456, 1639.2394934878505, 1523.0351380110217, 1505.6545941606887, 1522.4871566242284, 1481.6040463204367,
1578.440451948362, 1620.3475421707662, 1522.7862280468385, 1504.6614066254929, 1527.2351936816174, 1492.712332461328, 1446.5820145741118, 1493.122689278621, 1
401.999910974115, 1465.9406513652907, 1470.3614437761053, 1365.3481168698238, 1396.0961801660515, 1443.94046237189, 1470.6201002657324, 1272.1251741879519, 12
68.309021940095, 1375.1417483085609, 1275.0099336571868, 1308.4002002968255, 1352.2325946667083, 1316.5074967470164, 1261.4331903410305, 1351.2370867066809, 1
284.5877432115524, 1287.6795007546389, 1251.3159217096286, 1372.0573561953586, 1257.6163140663216, 1222.301969224828, 1317.559350057297, 1223.200447602269, 12
33.0359256503718, 1138.2091886831713, 1200.4659242404296, 1180.4986998075958, 1175.299640835262, 1188.248284903767, 1169.5792863671707, 1204.1232540195651, 11
25.596342490325, 1198.8786525552061, 1163.6722028274157, 1187.546477474572, 1138.320135703971, 1194.4676768947322, 1103.959769274552, 1125.2133391352663, 1115
.578656397949, 1097.0079404714168, 1114.6196210468925, 1076.2729755190583, 1085.219565291995, 1100.863313785106, 1067.5373482819075, 1029.420298307493, 1078.0
506182495583, 1076.5658198541107, 1052.7107111592832, 1057.5235714866792, 1045.4178327962861, 1051.6421176368972, 1047.0545711024752, 1009.7624875751899, 1051
.0777915744386, 1048.061011938215, 1042.0552960338116, 1048.5381057966476, 1010.26952056303, 1036.8253849074272, 1037.4841801845275, 1020.5247191768115, 995.9
874351484451, 963.9591697811969, 997.9499677862934, 1040.8703188041707, 940.0209806033514, 1000.522838050552, 922.5060750199654, 957.6689105161822, 981.661543
1587796, 980.6709878848925, 1004.4229665506093, 925.844076598019, 904.906926506278, 892.8785118463613, 920.3978792616862, 942.0211452546973, 932.1578464726219
, 904.0699800843, 894.5171030290297, 872.8436034383486, 927.8372724184707, 923.6347358560366, 851.5465901136553, 914.9915891174927, 904.2917057600187, 899.158
0296307792, 897.2696594014355, 896.3203022872259, 867.7257838923248, 880.7281298754361, 878.9566702288729, 888.793932294067, 872.6811860775177, 875.0874387558
463, 861.9719429628068, 841.5199705836978, 840.1061789066223, 833.6414622367264, 850.9004828078002, 840.1788505135436, 849.8107581819513, 816.5801634100064, 8
33.2972741499881, 807.4755247750134, 804.8122997576191, 810.0919741364437, 802.8998006331252, 795.117403149356, 814.3507342203068, 795.7911061217704, 790.2138
90317721, 796.0754829210803, 772.5737422841306, 788.6111658402427, 794.6854440227926, 744.2448497278538, 777.3490576349259, 751.9608165229724, 766.90402695656
03, 755.6775516032246, 751.2828622396348, 755.830090642893, 748.9633580679757, 718.0697006160823, 739.3336959190141, 725.4290939340934, 731.4010649842244, 698
.3754166074215, 724.0494297654086, 728.5916056379501, 727.1142199426904, 701.9308143386858, 693.6812961085238, 734.5790952969675, 687.8696777879416, 683.97794
80081455, 661.6841095214387, 685.390984339488, 659.9766292825859, 637.7221691718025, 675.3868359334606, 633.1261590664425, 650.411367504333, 640.8147179282712
, 631.9958808228795, 626.7825443835046, 624.6419476640198, 652.982914186915, 639.166098969316, 616.687127123976, 580.7692072073698, 599.2684015573576, 584.432
8630668432, 592.7891335283953, 585.3062209616496, 568.6285937900432, 546.3397018688376, 553.7609662055352, 539.4270413904154, 550.4594434492966, 524.337489503
5864, 517.5067781229241, 484.56747195473866, 481.62523986627605, 481.24008157196494, 456.5085092583935, 461.09878512377634, 405.1203932353605, 391.13300499279
08, 360.5300351365094, 327.7571256053198, 301.0098924965458, 285.5448003074229, 276.955475349665, 253.97698493498143, 237.8379925902855, 218.28119780991406, 2
05.0498480391017, 221.43614218840625, 200.2860150681272, 192.3554650903494, 181.05614904743007, 179.86092693223756, 170.66134121500153, 174.01862232517522,16
4.78506668296086, 169.15789482742923, 163.19352745219157, 160.86199366659596, 158.6926765823337, 160.77226660829783, 155.67842284374706, 150.89219807017733, $
44.40752238498712, 149.6559312492641, 174.74335833901372, 175.02879754015632, 163.0035948482025, 146.77222705794688, 155.15789074846654, 155.71484412650275, $
45.1870835078345, 148.05436426964982, 144.0922041927925, 144.19680370003977, 152.36178824099076, 152.95252018840645, 147.3044756892156, 133.4114739382561, 13$
.93379021966965, 154.82372300894636, 144.78611701145917, 132.72401200015892, 147.02418171091136, 137.5727181373916, 140.32750999978117, 133.91480141791942, 1$
5.23552572959602, 131.84313779885406, 140.81396243874266, 136.66411382072684, 134.69776880609913, 124.39990641996849, 130.70075264523143, 135.7434246913108, $
42.9606701446329, 131.6160299022475, 129.81284550657958, 155.55004310374653, 131.32747276333046, 131.71199024777542, 133.74877591164332, 128.5888540120993, 1$
1.19346474856835, 131.19490937423075, 332.13806336094655, 347.06305634592104, 299.3326264272945, 274.15637302309494, 242.21839819605526, 278.6421625208541, 2$
2.24412344637625, 200.99901796229392, 197.3437143892069, 193.05324388529687, 184.35933885024818, 195.05063655329954, 179.87605437782375, 176.0845852184961, 1$
3.43900920301795, 175.861532711981, 160.0884037378683, 240.2800971837226, 161.47149633615192, 158.426264634519, 145.8759909508323],

'val__kl_reconstruction_lo
ss': [-1170.8595865528307, -12215.92006518753, -13019.707957301858, -11320.37891355613, -13174.238797877626, -15055.762775328663, -13366.88367068916, -14252.$
78390802595, -15530.657690290942, -14858.70840409975, -16559.831971044685, -15840.314950574037, -13754.889874154736, -16557.02335713258, -16898.550019867052,
-16992.46501291499, -16976.730971046374, -17259.653242965884, -15889.74134055104, -16478.88748814159, -16542.53484714454, -16266.231216293454, -17098.3238631$
822, -15954.27098671521, -16976.52542968469, -16701.20229111777, -16964.59799823304, -15976.625673217643, -17054.141170009127, -16217.117143171467, -14343.90$
098941847, -17242.345036581228, -17224.024851938484, -14700.205870980504, -16809.301679903874, -17078.965443555095, -16352.776457390093, -16167.059876256653,
-16798.222384658704, -16958.013884174252, -17335.398181082972, -16125.7618206143, -16550.468658181628, -16864.35458906396, -16609.514443233624, -16891.751322$
90365, -16101.205525484902, -16365.187855260525, -17372.59564313044, -17190.357862490782, -5080.009354655241, -15963.926359417712, -16544.694652840848, -1635$
.35463205772, -17370.428782383013, -17310.194800930465, -17073.18445587323, -17242.58993774616, -17333.989553078467, -16673.435685761702, -17355.38322740383,
-17172.796702181946, -17192.73056049812, -17331.774028874945, -17095.843904974237, -17364.308319489155, -17350.09421141015, -17014.46525036418, -17196.242076$
81533, -17457.502325035068, -17542.890657034564, -15254.481510294898, -15861.950356890355, -17199.886780149584, -15559.698789514918, -17151.142242183567, -17$
62.240258822432, -16191.601369590093, -16636.349879139765, -17184.031344698673, -17433.31510182496, -17305.982952552873, -16885.679646332774, -15658.98544092$
079, -17095.460456700508, -17230.558844265925, -16934.849366727212, -17348.692472944844, -17183.511162360173, -17093.631806221227, -16956.34149915024, -17418$
2238960439, -17427.69177858158, -17475.862605011556, -16905.311993348052, -16947.728686476017, -17083.906032783165, -17399.383594958323, -17486.479900698465,
-17076.28190713011, -17528.89372799731, -17027.977513561298, -17395.599943630405, -16591.212327701807, -15473.203185837574, -17586.260850023154, -17633.25752$
122977, -17025.983772525356, -17395.72704653105, -17535.858830131376, -17324.632773018802, -17283.871438121583, -16016.505976273065, -17555.698021247346, -17$
13.99933022467, -17271.677119395637, -17106.709251329714, -17436.77636767926, -15299.037364878763, -17283.15742530326, -17489.052790575992, -17303.6190714977$
, -17263.96419041346, -16365.079706917442, -16682.664821775412, -17166.341991189933, -17579.594965908476, -17448.079582010738, -16924.249781799645, -17484.43$
48319253, -17525.18125059011, -17439.976108957988, -16838.577669490955, -17268.871220764242, -17662.59367974876, -17622.197349223978, -17650.196106620027, -1$
669.00894199945, -17503.92242857978, -17452.213299206218, -17643.872252754973, -17499.505056403315, -17701.97454938044, -17094.24396050082, -17012.2001657367$
, -17708.77403519756, -17382.54221973127, -17440.807590421777, -17417.030762877894, -17481.369113789027, -17100.974710396284, -17541.65668148312, -17579.0846$
726571, -17792.901225912254, -17307.958187023414, -17683.300372106773, -17787.671895794367, -17754.23558360235, -17318.89378616534, -17529.52524183287, -1772$
.99551178872, -17252.67965237438, -17652.800733900665, -17507.050651144702, -17454.4807688633, -17336.346664021472, -16811.137457371547, -16914.755213485092,
-17091.847441000198, -17470.51819127783, -17733.94430706424, -17628.26969648092, -17582.841777766662, -17413.259423360952, -17574.506088253544, -17634.509936$
97524, -17754.355659271365, -17530.724477583673, -17502.167536845373, -16775.36817312491, -17738.757845096578, -17450.75336447243, -17870.054606851576, -1703$
.936042427253, -17693.644166365055, -17788.65061037088, -17646.10952561866, -17098.50615878579, -17747.33152235001, -17676.648401671868, -17780.112483336405,
-17771.258605917516, -17755.31369792416, -17526.16534641168, -17802.517688138443, -17688.89914745904, -17776.329209538657, -17680.746869042694, -17826.874952$
29155, -17745.4758207874, -17858.2998189485, -17830.118941813987, -17771.598755541418, -17852.593284936785, -17688.208872956533, -17479.951156138723, -17538.$
1973003291, -17700.202746486313, -17642.71012160209, -17891.82221195305, -17494.083057901636, -17782.62358766905, -17802.034838573887, -17781.88488336608, -1$
286.683473339373, -17356.901672429143, -17451.578094229957, -17215.016571846227, -17685.346479682215, -17836.604064006187, -17776.64147532102, -17702.9594918$
9966, -17715.315024829597, -17298.250214406788, -17525.825817808745, -17488.192412528773, -17066.557686525473, -17514.18248532592, -17824.762794015493, -1790$
.991159864847, -17617.74648209886, -17894.211384016886, -17817.924258765106, -17779.922217545052, -17802.55699047618, -17834.692638878274, -17615.28116963258$
 -17833.736209119397, -17891.885705867608, -17662.825953815147, -17915.75816516123, -17716.161344057982, -17950.876619291103, -17866.411482874435, -17926.125$
85220038, -17817.711157948394, -17806.482842960937, -17852.308842017886, -17479.604618850488, -17945.62053721967, -17425.198641987314, -17727.166369129245, -$
7723.875083598978, -17904.974741025824, -17762.729413576362, -17851.928433374847, -17905.449997555257, -17954.348888175762, -17652.041822671257, -17835.54760$
629388, -17740.264084811795, -17941.998719179377, -17812.40973951964, -17879.912382933333, -17629.600437777633, -17744.898309361735, -17981.719892847188 , -177
54.79559165033, -17422.073293541158, -17771.00078021028, -17870.230118617816, -17892.083713345713, -17892.16615598698, -17972.251780728453, -17958.47042788064
, -18005.57483232434, -17898.703867415115, -17900.636375361933, -17758.166811290554, -18021.423869854236, -17681.42039621138, -17772.147448784035, -17520.5353
50705435, -17848.097675358338, -17934.018159383766, -17717.3849864949, -17747.254513782733, -17529.76784760876, -18069.42566702148, -17940.568748707377, -1783
7.85346588712, -17942.451987491906, -17950.5633661978, -18069.42615358158, -18023.121212755603, -18116.65226970519, -18066.080038643802, -18060.714516800726,
-18041.62456135125, -17885.017852245343, -17846.611691745424, -18159.808875457475, -18033.934142131187, -18147.174560142932, -17990.7831861242, -18081.5324255
84264, -18138.413604461908, -18220.841584856757, -18230.13921590061, -18270.71752327283, -18126.483711266275, -18169.16032836554, -18353.223353844824, -18372.
246756359706, -18221.1023382142, -18218.40706969148, -18327.59513605698, -18462.66864639347, -18494.731643210245, -18418.104862060285, -18431.878781483796, -1
8366.929293952548, -18478.75026372316, -18316.71712635332, -18643.708554858913, -18556.557518765512, -18566.180362052415, -18564.19054679632, -18668.521018468
77, -18629.34753794691, -18583.77298859457, -18208.071126290375, -18414.726829876225, -18618.996096700554, -18654.160622999243, -18660.820803837178, -18490.20
211900223, -18565.299445352404, -18727.97386934843, -18199.321245295978, -18094.411891736654, -18430.99694224449, -18476.790848848555, -18356.542230971467, -1
8687.310630192973, -18562.06147770394, -18631.850110125844, -18734.67270761771, -18586.26965067711, -18515.284489003712, -18468.245191583563, -18635.044987349
156, -18639.05198423225, -18646.733267278432, -18450.33960320975, -18627.706460669422, -18669.068089048225, -18656.411712595993, -18429.980423648703, -18537.0
03088104047, -18622.998920238428, -18722.71292898218, -18598.67178564042, -18625.754914214805, -18411.62862721207, -18710.682665028595, -17856.637235518127, -
18726.210709183466, -18672.036167727365, -18705.384306181884, -18739.44806100955, -18716.044957984137, -18400.679358162182, -18738.18249164853, -18735.7583112
8381, -18374.517321707972, -18722.832749498688, -18530.068975056874, -18586.12906698484, -15855.264859191222, -17035.00588705399, -17374.5549648519, -17755.21
707703695, -17876.393013963698, -17660.702573387258, -17942.058925195353, -18087.26765020277, -17971.6785495704, -17982.78449335929, -18315.322431839435, -181
63.48545012499, -18300.990360405725, -18413.422744148353, -18471.786492007093, -18470.798468298144, -18310.1947181745, -17333.004266076856, -18409.72134100627
, -18572.002467926093, -18646.507913661786],

'loss': [-6866.444544431565, -9499.634437023302, -12767.838489369531, -14038.244946807614, -13958.495960094611, -
13705.574693797435, -13207.945301874308, -15157.92030694654, -15248.91105342717, -15862.26564107026, -15923.82238821562, -16141.982400606053, -16306.38834304$
59, -16259.689761322737, -16368.080856909137, -16737.08504244797, -16398.40568464297, -16607.329610735087, -16476.054588198083, -16529.987678061996, -16718.6$
233649643, -16491.05968728292, -16699.81783255147, -16751.581651710847, -16815.089729062787, -16965.12781276977, -16593.526007196106, -16842.44324835848, -16$
34.55546821608, -16831.6346930366, -15795.925466185081, -16459.482812724807, -16687.66544485853, -16813.391417500938, -16835.51778255979, -16927.999981576282$
 -15921.486764797004, -16960.129295729883, -17053.449742271663, -16817.850988958555, -17072.900378260558, -17019.034170431732, -15887.945501637305, -16828.87$
326601926, -16954.85262956529, -16771.733686244446, -16628.616375521553, -16637.71626555531, -16896.33736172902, -17100.380670922656, -16909.91343321319, -16$
71.85750912861, -16875.86724890069, -17017.670985216904, -17015.19788317964, -17143.991285668602, -16747.383825207413, -16895.170193646813, -16696.5944903208$
, -17137.845707287463, -17122.14630688205, -17036.00237882005, -16287.099841559528, -16825.938006942073, -17106.795951724023, -17096.986842689468, -16750.809$
9127419, -17085.60982552931, -17136.77150032232, -17088.24755264863, -17077.468887835414, -15106.582962183498, -16381.796845757395, -16587.511910925725, -166$
0.65597520733, -16733.805712694797, -16723.567849903837, -16907.02561202577, -17046.634900193672, -17063.49074514583, -17057.985850829486, -17045.16050336762$
, -16899.687811956246, -15791.217164365851, -16427.043053263762, -16864.530161999464, -16678.68878326737, -16961.50478630312, -16635.90290404885, -16711.0200$
0699198, -17041.76160891021, -17133.174688050778, -17185.110218205682, -17046.114653597546, -17195.650010488698, -17163.43373292021, -17178.942905719454, -17$
78.01544497796, -17288.27732144483, -17237.529787553616, -17283.714095314946, -17224.10649587674, -17278.45907219063, -17093.860620014882, -17185.24870742417$
, -17289.57470545935, -17341.594986725086, -17338.573815289867, -17352.69751456475, -17367.999777088804, -16738.973236465434, -17090.683110535712, -17252.979$
9121709, -17285.644634240172, -17300.67734429797, -17331.656470311853, -17377.213067064164, -17354.49689585797, -17095.61319724557, -16764.268300707132, -171$
9.07687731552, -17344.766537615156, -17371.174004283155, -17424.09726880744, -16982.449390552498, -17115.998180916777, -17276.80117002736, -17333.90005970058$
 -17382.69577588552, -17381.982376843145, -17437.478631260623, -17411.04028176734, -17429.20011267799, -17431.56633838608, -17439.328801531618, -17407.521028$
90364, -17441.878299865508, -17424.417848161575, -17446.766362124403, -17461.41764643151, -17407.040820920185, -17485.54587235626, -17433.217993345403, -1747$
.20114187718, -17484.90407146984, -17486.526209066677, -17169.88435145136, -17441.63972541668, -17491.16833476555, -17489.168940728523, -17452.972946006455, $
17528.8645941288, -17527.463057369318, -17514.579494853584, -17456.992006318793, -17495.34044282823, -17535.996123818073, -17540.669333615653, -17475.8294678$
637, -17543.89797797837, -17521.00071868312, -17500.103288779665, -17549.87543328232, -17498.720368231312, -17541.06387972406, -17552.792213184315, -17539.22$
678873274, -17256.399815959514, -17461.65540226303, -17548.756347735285, -17579.760053941278, -17579.2120952964, -17541.632984899647, -17576.247538949392, -1$
580.32076134325, -17583.03029878109, -17584.912017379345, -17549.709192006278, -17582.952306628576, -17571.875363697214, -17612.32446737361, -17603.986774860$
74, -17610.80703424978, -17618.4830207776, -17558.586329333342, -17562.074982078586, -17608.10749047657, -17600.74896848248, -17610.483159982938, -17623.7636$
3809125, -17623.59436063477, -17626.397204603676, -17597.25055380049, -17626.72815161165, -17611.533980539214, -17620.721804122248, -17655.498932829334, -176$
9.602098315852, -17616.688541212367, -17628.39251307118, -17640.86544713471, -17629.054165875154, -17649.081414714023, -17670.309401056653, -17650.3032257210$
4, -17620.296719390702, -17646.724361594417, -17661.935985707267, -17652.779522420664, -17661.91890300293, -17656.215295052087, -17671.00695633273, -17698.38$
062011042, -17672.896283277205, -17670.577458971133, -17661.10528047329, -17611.090832554, -17672.98177966173, -17684.887334021434, -17700.735884831698, -176$
9.358185941237, -17676.629351967014, -17668.034369035562, -17248.26080961234, -17449.06566452406, -17558.7820942946, -17577.04504558966, -17606.74464008518, $
17669.012440699862, -17703.04590776352, -17725.17902122525, -17657.966374025174, -17702.90145934122, -17723.47186717387, -17715.740478607833, -17712.94931910$
7, -17723.604079120338, -17709.904895847852, -17743.770086174532, -17740.39805399158, -17721.87960779151, -17738.831556694335, -17741.824715540584, -17663.18$
20044332, -17752.792412631177, -17735.638834439294, -17750.556156585244, -17741.385575741755, -17738.472291920512, -17769.700049204854, -17746.316003351887, $
17700.896854992086, -17738.103122808123, -17761.56316609912, -17741.80584996819, -17756.283796899166, -17758.42122221373, -17783.71801417527, -17778.77397858$
788, -17796.687684412824, -17779.080125299555, -17789.989643094796, -17786.87330547447, -17807.550117188202, -17772.73450770698, -17796.353522544872,, -17808.7
93583529667, -17799.45001660769, -17804.556374789525, -17820.63544363192, -17818.851013863066, -17812.844487545917, -17797.469145943116, -17834.141210062855,
-17832.832681682812, -17803.54146671633, -17833.83234215246, -17854.050463568175, -17854.73420449717, -17856.84525097988, -17859.264418799627, -17847.56790719
4756, -17869.10820476891, -17856.281927515152, -17881.622646541105, -17876.289327843708, -17896.8451764771, -17906.376914767134, -17919.785013496912, -17904.9
8047250851, -17936.078002268874, -17929.511628791668, -17911.552605531906, -17935.18355043933, -17956.08625353089, -17960.970684332457, -17960.070703946953, -
17969.278458165478, -17976.767767947265, -17954.795008461213, -18018.144893015273, -18027.970960178915, -18039.50079322103, -18039.186316596562, -18059.258105
698827, -18061.029942319885, -18016.6485201872, -18073.356169026963, -18086.36890949426, -18141.32205802885, -18169.196971864152, -18186.107411899146, -18199.
47049363203, -18262.249050923794, -18252.28474190073, -18285.150249066202, -18297.22398704319, -18373.256413315998, -18374.874170458428, -18430.211159146653,
-18423.061044859878, -18445.123905887496, -18368.627020672782, -18436.53146578057, -18486.106302471595, -18479.543772684534, -18502.635485818548, -18490.40501
1623978, -18531.441348397064, -18541.069397355754, -18432.30832710662, -18519.38467970619, -18517.321358349032, -18539.802577606537, -18562.085824920363, -185
60.2179020874, -18573.640514633316, -18536.941177367342, -18595.351077546962, -18141.40662996067, -18402.123886216796, -18292.195463332126, -18477.15417316034
, -18516.065855224482, -18489.830039907636, -18449.355894093787, -18479.643238147277, -18554.947656053293, -18569.777493668844, -18569.927854120393, -18549.29
5590573463, -18475.416695669242, -18577.010547816382, -18572.31099413757, -18415.343424379644, -18443.7787806596, -18571.339494595053, -18578.81303715065, -18
600.83876835979, -18566.65766249685, -18597.785570669523, -18616.930424238013, -18581.27756775011, -18582.35346051191, -18594.71693474554, -18585.000347328383
, -18561.915333367804, -18603.1745386237, -18617.06805335509, -18634.652284667645, -18591.34942099291, -18586.52362128055, -18556.39846419595, -18615.88717563
7163, -18627.563573493393, -18635.46190940827, -18588.895059794715, -18637.948655219538, -18650.49913315435, -16266.665613324034, -16740.20557178935, -17345.0
90675680156, -17516.000468654456, -17681.536334349374, -17652.895590095744, -17756.935033434573, -17801.924376059407, -17920.387274025794, -18037.41375985221,
 -18082.160137808718, -18125.061264328702, -18238.671916835367, -18277.02088273255, -18322.250946582244, -18310.47253994698, -18335.138408673993, -18265.96067
8373638, -18369.161609001538, -18442.63351253108, -18454.930615254572],

'reconstruction': [-6866.444564467799, -9517.915202588376, -12806.53991304707, -14097$
295090603953, -14025.96431687378, -13779.713806542026, -13279.018965471456, -15245.32280093152, -15344.340280035614, -15966.623334576569, -16034.581589607631$
 -16261.493796721428, -16434.653023214658, -16394.558014412723, -16509.422253906883, -16889.51096883964, -16554.941505446535, -16773.741354340425, -16647.538$
98038494, -16707.971229562143, -16906.527122841, -16683.375534059538, -16898.194441263568, -16959.421869836442, -17031.438967890954, -17188.40157332591, -168$
1.487076208792, -17078.390004055676, -17178.214861980527, -17082.156771168204, -16037.897731673089, -16704.86593166623, -16951.83660647947, -17088.4904823312$
4, -17116.38478926497, -17220.872838751955, -16197.560913768704, -17258.50542363384, -17366.705981888343, -17136.366968382437, -17399.36367132703, -17353.092$
09630662, -16205.837855937825, -17161.105593799457, -17303.861839563233, -17129.54425359805, -16983.49344256099, -16998.168696952333, -17263.600637274518, -1$
482.819252881476, -17293.051870778527, -17057.070326339744, -17266.71523719915, -17416.03354455217, -17417.88019636699, -17555.169229360938, -17148.617359091$
42, -17310.693783981136, -17110.59718482057, -17561.79680875189, -17557.055730222797, -17475.759531930045, -16704.860532831524, -17259.03513654417, -17554.49$
81515442, -17551.72025652983, -17191.661828927, -17542.888525539034, -17595.409212231974, -17547.263576612604, -17540.572129229764, -15546.99753533139, -1684$
.294568575155, -17061.050908688045, -17112.987486413167, -17224.745073016238, -17210.96897916367, -17411.725790073713, -17551.493615066014, -17571.5558989341$
4, -17567.293267850037, -17553.59406704955, -17401.623739389062, -16265.931882030169, -16913.81103168753, -17382.56602994246, -17190.481458818544, -17482.885$
53954596, -17153.08731739969, -17207.55791490005, -17553.4852039093, -17651.670021738933, -17706.870896129705, -17574.811937698956, -17722.20658908074, -1768$
.63819707345, -17699.584215611118, -17803.408098764903, -17814.734871825713, -17761.905817244573, -17808.62121746466, -17748.036186819114, -17799.66227165828$
, -17610.891632315535, -17697.194047954923, -17803.24489952768, -17860.69658227889, -17861.73766713773, -17873.955014968, -17891.178343464213, -17243.9094332$
635, -17606.50725876976, -17774.498295955254, -17810.145075636658, -17825.263206838546, -17854.675652336653, -17907.046942969297, -17880.56241056856, -17613.$
59139148293, -17238.035933664214, -17707.81063216154, -17853.76605164346, -17888.31858038938, -17945.994117055285, -17497.049659247252, -17615.983203434113, $
17784.116419394242, -17842.224093545985, -17888.936723815204, -17890.841064562894, -17947.076986839176, -17923.465221567967, -17939.42312219271, -17940.316872
199735, -17946.40824615466, -17918.76476714667, -17948.059062755718, -17932.623095489733, -17951.065790240915, -17966.060801083688, -17913.268644206753, -1798
5.269337844857, -17937.648823467258, -17982.33353890387, -17989.04382446063, -17991.49831643386, -17669.082279381844, -17945.035876478676, -17992.040700577643
, -17990.82808348077, -17951.312897664302, -18030.26714118955, -18029.303204996526, -18018.43012208199, -17960.05042377013, -17994.380439686538, -18034.984947
066143, -18042.47191491045, -17975.831556764584, -18044.751342841493, -18019.03261237169, -18000.82936432443, -18050.52419225778, -18000.389788924946, -18038.
96774496767, -18056.180406604635, -18037.893671921367, -17752.459154421187, -17962.223955148555, -18054.999655060205, -18084.1359493797, -18086.25038979602, -
18046.87203811929, -18078.904723764343, -18085.494617217988, -18084.50036777186, -18086.758765931863, -18052.97435643086, -18088.12139910251, -18073.449251171
533, -18114.24222058893, -18106.42034072043, -18112.33699237648, -18121.41158704763, -18065.200069437575, -18063.160156144622, -18112.642027696627, -18105.590
557691077, -18113.12740224926, -18128.48267604856, -18129.383628974607, -18133.644336615438, -18102.049855954265, -18134.59142892751, -18119.763337894594, -18
127.88230236144, -18164.606001544995, -18126.808138127384, -18125.698643733253, -18136.42128649477, -18150.630082347176, -18139.582070907538, -18157.542581377
69, -18181.42866655548, -18159.701098355756, -18129.1220440205, -18156.485478842475, -18171.64286886499, -18162.63557222913, -18171.514155633744, -18166.06720
9411754, -18181.97206605871, -18210.348431697144, -18185.851799286065, -18180.593057872327, -18171.45356197058, -18126.409996741688, -18180.73190948836, -1819
5.636334784936, -18211.363228279613, -18211.290290900164, -18187.944972337373, -18180.320162510903, -17750.470418321347, -17958.0225525292, -18075.56783848780
5, -18093.70563824822, -18120.350634569797, -18181.252648378908, -18215.909514177238, -18238.39630020806, -18171.286904062057, -18212.74876640115, -18236.5404
86412883, -18228.594740314427, -18225.009911258443, -18236.06192340257, -18221.237924226774, -18255.569270409476, -18253.4013858571, -18231.388363923146, -182
49.388436880374, -18251.33907276389, -18169.117699113864, -18260.00607174832, -18244.30213585879, -18257.59122273641, -18248.237025697243, -18243.760752813192
, -18276.146608440922, -18253.216763013294, -18202.557639334602, -18244.30394633608, -18263.2243968963, -18245.43530387159, -18256.04017238419, -18258.8214058
046, -18286.045527837978, -18280.359349533468, -18299.141441860993, -18280.004602733326, -18289.963459951294, -18288.051717891514, -18307.19138422584, -18269.
684252718493, -18294.432898496092, -18307.28312184285, -18295.295394639226, -18298.538991263962, -18315.736247088735, -18312.37723982547, -18306.069078198623,
 -18287.378509288224, -18324.90789478676, -18321.118461985807, -18289.50372693048, -18318.13889524284, -18338.15467929451, -18337.705471820034, -18336.2591287
15796, -18336.315422012412, -18323.711622637547, -18339.452134861203, -18325.450596647494, -18347.601386728235, -18339.078890330784, -18360.266946449607, -183
67.339605839894, -18378.755730848043, -18361.477704981353, -18390.41715336431, -18383.984250653066, -18361.487612165147, -18383.662837647586,, -18399.332135715
475, -18403.30754410733, -18400.131132305978, -18404.31616426525, -18408.16862922892, -18380.613105091845, -18439.70968152573, -18446.46807413578, -18452.1530
37633987, -18444.980837048755, -18459.598027991127, -18454.207927812462, -18403.01527345647, -18449.280632972255, -18454.05456079961, -18494.69138394483, -185
10.18873338809, -18512.447892698852, -18508.527339359218, -18550.42460652275, -18523.03127332383, -18540.219138707107, -18535.962958137658, -18596.50719185425
, -18585.838969387332, -18627.11967053964, -18609.698402732036, -18622.115950915417, -18543.371893469382, -18602.058942097043, -18643.68243672638, -18631.6432
7583775, -18651.624459477232, -18637.761532932127, -18672.571475459958, -18680.37728731616, -18579.091959685178, -18657.988696055912, -18653.908580907842, -18
676.61061207635, -18695.613261263163, -18692.39182104889, -18703.872399849435, -18669.31811475578, -18723.717335360445, -18319.22499168913, -18553.02481898037
, -18444.53497029162, -18617.407592736115, -18651.12385909933, -18622.213190989583, -18582.166481293727, -18608.73787427724, -18680.735944195065, -18696.31069
2016676, -18696.672035105457, -18676.031743945357, -18609.151012359664, -18701.54766059863, -18696.924086548835, -18553.392625229306, -18573.899304591534, -18
697.245841789394, -18703.998708723844, -18725.01642738898, -18692.055342499225, -18721.761913173807, -18740.586218510016, -18706.237357253936, -18706.36772774
176, -18719.02462121957, -18709.127109612455, -18686.566077046766, -18727.099301809536, -18740.1181987848, -18758.07016918489, -18715.073639834238, -18709.727
72373877, -18681.334285758243, -18741.729384683604, -18750.91510961358, -18758.559405833825, -18713.805236382817, -18761.873387248383, -18774.37950279914, -16
520.239537505284, -17072.770346319554, -17656.66230376368, -17789.12950339629, -17925.377148497213, -17892.146443452915, -17981.86811648399, -18002.2823754802
45, -18111.6597185769, -18223.18283326664, -18262.73170347289, -18302.120654320584, -18413.14189674596, -18447.815216594092, -18491.50332975795, -18479.113217
074337, -18500.52472610656, -18431.076369389917, -18538.05299353649, -18599.631170558467, -18607.358749436575],

'_kl': [4487.243525071854, 7312.311004043172,
7740.353731976369, 7873.407734330039, 6746.881421842894, 5931.159099107877, 4738.270373911227, 4994.457737638932, 4771.48372654304, 4638.139894303702, 4430.38
6026402788, 4345.88497591709, 4275.502355030796, 4149.804947969941, 4038.3383012464974, 4064.7019565823016, 3913.4052411564744, 3915.5792437623504, 3810.75287
60409314, 3747.031480498467, 3757.503049744639, 3663.1658660661997, 3606.8532045249567, 3614.61988178453, 3605.826806320976, 3572.3851672366136, 3507.09906252
5115, 3495.5130250733646, 3480.8524304477373, 3455.4808719291227, 3226.3014753930415, 3166.2388696937583, 3302.1440498710585, 3334.53760760137, 3304.322450266
1446, 3347.1228165302105, 3067.494505411129, 3225.691016265176, 3297.437047595826, 3266.833411421919, 3264.635987878071, 3259.111485121784, 3027.549219238255,
 3090.5543069553564, 3172.8139589030225, 3180.540790215449, 3085.8905148616363, 3067.6836052450662, 3060.5300457710873, 3121.9506703731067, 3065.1103252046387
, 3021.27975802122, 3006.52595379542, 3006.512015101408, 2982.8339442125216, 2990.386780321929, 2865.956812325633, 2915.957345950484, 2855.192653662249, 2874.
2466089906484, 2899.3984185449963, 2883.65516877005, 2695.2327449135782, 2749.8250436373432, 2798.1198009458517, 2798.361637200893, 2671.8323826135097, 2730.0
237676033457, 2697.8706479671246, 2660.9645309243797, 2646.305696361089, 2481.210647137618, 2552.767155336647, 2594.7357795012394, 2607.199109283426, 2618.345
4486792107, 2565.270641560096, 2621.821126515768, 2589.0208723615265, 2572.4831026393304, 2546.5387203000514, 2510.7845067787694, 2448.4695390322213, 2287.783
9115468632, 2317.9444075731008, 2437.81699740287, 2380.4329766827373, 2397.1534166945453, 2350.8397039167808, 2231.63268019258, 2274.328341981446, 2279.101691
782171, 2268.525860034671, 2273.9677950577084, 2240.667413166851, 2194.5463928790164, 2169.33997538563, 2166.5685513355775, 2148.807673082149, 2118.6922315676
397, 2099.6298651966845, 2074.970170154376, 2043.9350614433672, 2007.8882635893985, 1969.0216802367868, 1956.839594289943, 1958.8752856730275, 1955.7536724913
78, 1930.5840051192472, 1919.9223369387562, 1836.1324086007894, 1858.826885605318, 1862.5683428041905, 1856.639740621958, 1840.6531034979039, 1819.19815111171
42, 1827.0142179586933, 1798.5154154192164, 1756.4278943970326, 1592.497384955904, 1695.7802587722897, 1682.643614645817, 1695.5567883352812, 1697.22615357993
07, 1660.0018480316442, 1599.9528929252426, 1610.5257746405566, 1601.02173691519, 1582.0036685352839, 1577.8571960307615, 1567.9958637103698, 1564.65709023312
46, 1546.1310579810252, 1530.0775124947593, 1513.670832777753, 1514.797109116471, 1488.7677846080874, 1483.8117949019584, 1461.7382226264806, 1452.21104551542
1, 1446.3661745049903, 1417.6558749394424, 1420.9327259383767, 1407.364249412935, 1400.3886875918024, 1393.0272264063638, 1367.6662737809995, 1369.78623573461
44, 1353.7096425026562, 1346.736516061426, 1328.9070761189573, 1328.2193461386028, 1320.6326604999254, 1317.2571243064672, 1306.6460067194412, 1287.8458582315
527, 1279.4592431830306, 1278.4784199388937, 1265.8287744470813, 1260.00894151263, 1245.080510263522, 1244.0405589310324, 1236.1702462593528, 1231.09120967602
85, 1214.4002516040755, 1220.3357128281002, 1201.6077669004167, 1188.1668151182582, 1191.8305970780543, 1198.2094452907043, 1186.767397128204, 1186.0550595726
309, 1174.9752434916675, 1162.2137490315693, 1161.3197585150954, 1146.2179478086066, 1140.5614630708403, 1137.3230138471024, 1135.2120834281156, 1120.83603736
3935, 1115.3731945479597, 1110.3509133712505, 1102.2639247137631, 1099.2976260541564, 1101.3347665268666, 1083.427829081962, 1085.0209292550783, 1079.87558166
87822, 1069.45641270963, 1068.1888498667452, 1064.8199966579127, 1062.2980739468026, 1051.6655391110444, 1052.5668473347394, 1047.895920045414, 1040.329602221
363, 1038.9942508709378, 1029.8605011739896, 1028.3036890812873, 1021.1637645130259, 1019.5296802297439, 1015.9764085109013, 1006.854170521041, 1007.131996873
9128, 998.8197213482274, 992.8303204039337, 989.827872308328, 984.9413327944205, 980.4928193290704, 975.3024308391756, 971.1470460580424, 968.6546221792214, 9
65.9709387442158, 963.2969758134415, 953.3004254265539, 949.4856085132301, 954.2951367861924, 935.9454606350893, 937.1544362998765, 932.6530933716639, 930.785
9732976027, 925.4584380311528, 923.0378630800907, 900.8249522838404, 908.852124040342, 918.7305344536547, 914.4438695706406, 905.0329683060041, 898.6674044643
219, 895.832013142417, 892.5522028280866, 888.867108330916, 879.0475221924148, 880.8049702762094, 876.6743545116475, 871.5928492322683, 868.5729658613487, 863
.0097120838101, 860.1669867418332, 858.5832986282303, 849.1814905919954, 847.3975467783764, 842.1729274703309, 832.807705815425, 831.4980060780534, 830.471063
3227622, 824.4476446153071, 820.8123480624939, 814.9816725025129, 813.5691676838497, 811.0414874847271, 799.4597755378479, 803.4936124567929, 793.140655959400
5, 793.1177686814054, 783.9319823759913, 781.8756357313774, 781.8330042296222, 777.6519635621072, 775.9908718967185, 770.653315829512, 766.2437139409263, 765.
1582641305184, 759.9109146499338, 752.9545032926646, 751.818230711929, 749.6085500182551, 742.8397754733473, 737.2877124718938, 736.209753559791, 731.15023891
69123, 728.007027002358, 720.4552292249646, 719.0723267973682, 712.8262055336335, 706.8544226155668, 701.8939196404785, 699.0676515952886, 694.9228394856555,
687.3320384157554, 681.5016434058575, 677.7847715593608, 667.1547847555912, 663.1363413634258, 656.3082951680749, 649.5294983273493, 648.1427997573812, 642.45
70297867721, 637.4595297111628, 631.8303152733055, 626.6749559729751, 624.7049547275737, 616.3495600171273, 612.2587518901437, 603.0558744270381, 599.77908368
27986, 594.6764739572561, 585.9095996877065, 579.061765934875, 569.6566427290625, 562.0866584904753, 556.1425418318976, 546.5594665649188, 535.7026151665989,
526.7631836069223, 515.6435716754337, 505.05483163618504, 489.8039811796746, 477.5140452099805, 457.4363031185113, 439.9895426650001,, 419.730663537143, 396.22
69545007416, 368.27569852965195, 344.90019342457373, 323.89726777220193, 302.2014529327672, 281.7046906742057, 265.36476083881763, 246.90751009639354, 233.296
879702527, 220.55103223996974, 217.07463625679148, 204.98784391087165, 194.53853962378238, 187.1995336189803, 182.8087205766266, 180.25281886033244, 172.11017
185604499, 169.37144717525612, 177.9197687972628, 167.49747506846194, 164.5631281254461, 164.3342334791291, 159.9132407246233, 157.8198838274511, 155.03814337
852714, 157.12413345950802, 151.91286451368092, 209.81539994681577, 177.53068794566212, 178.69760575908603, 164.03922911835855, 157.50229548987747, 153.934080
40940508, 153.98350251960386, 149.24259764592068, 145.00103026559995, 145.44059816645222, 145.26567810622808, 144.8414625600716, 152.40395235369996, 141.51961
519515655, 141.20485175688648, 155.9879125198516, 146.61482268654288, 141.46795725345208, 140.26423143290415, 138.74618479285488, 139.71906780641314, 137.7517
2512132036, 137.01491697413041, 138.07728626632738, 136.65500547578753, 136.6019600797784, 136.02947344479045, 136.2304781182812, 135.06799396263588, 133.7502
543283358, 133.7863971784368, 133.75601370822628, 132.834839800503, 134.3397954302726, 134.95160427724338, 131.92696071764917, 131.30419054256572, 132.8833820
595556, 131.4852300333513, 131.09054772921556, 267.6244138795142, 350.0684927965804, 327.10958780197075, 285.9992165731603, 254.664375370077, 249.219892609233
68, 233.697068616396, 207.6251611221978, 197.69788579380113, 191.51468238839485, 185.67790663633608, 181.599622879123, 178.4861293167244, 174.28006240172112,
172.26728417205632, 171.20896200396814, 167.47998286913537, 166.78367816584833, 170.1678229881281, 157.78678619399585, 152.81034742512145],

'_kl_reconstructio
n_loss': [-6866.444564467799, -9499.63439123184, -12767.838142673423, -14038.244530350768, -13958.495523264539, -13705.5742412308, -13207.944884802753, -15157
.91982248527, -15248.91056446974, -15862.265170097471, -15923.821956127593, -16141.981982691468, -16306.387966346661, -16259.68932772428, -16368.080452711354,
 -16737.084622056984, -16398.40532540679, -16607.329219569143, -16476.05418354366, -16529.987319493215, -16718.651956799207, -16491.059298927077, -16699.81750
343605, -16751.58124818046, -16815.089369369965, -16965.127469270148, -16593.525654809542, -16842.442929359422, -16934.555146073224, -16831.634315815776, -157
95.92510902135, -16459.482459776227, -16687.665118886907, -16813.391043195596, -16835.517413207246, -16927.99966909314, -15921.486368994394, -16960.1289933631
05, -17053.44938370288, -16817.850660176835, -17072.90004779278, -17019.033821979312, -15887.945172855585, -16828.871031875107, -16954.85233281871, -16771.733
36533101, -16628.61597761137, -16637.715897151178, -16896.337024517, -17100.38036518376, -16909.913078244852, -16671.85714943579, -16875.866912812708, -17017.
670643508725, -17015.19757406862, -17143.990977681624, -16747.383469167722, -16895.169904311875, -16696.59416884543, -17137.845443138045, -17122.14603598839,
-17036.002077577312, -16287.099489734985, -16825.937718625795, -17106.795648004885, -17096.98649985725, -16750.809464881055, -17085.609539566492, -17136.77117
3226658, -17088.247252529934, -17077.468609073476, -15106.582641972584, -16381.796478196293, -16587.511589450267, -16630.65567666931, -16733.805383351057, -16
723.567511005756, -16907.02529887523, -17046.634597826895, -17063.490478748336, -17057.985545090585, -17045.16024596245, -16899.687520829866, -15791.216762521
526, -16427.04266322186, -16864.52989402129, -16678.68843762505, -16961.50447606806, -16635.902529743504, -16711.01970192846, -17041.76131441171, -17133.17440
8164803, -17185.10996866879, -17046.11436584329, -17195.64973622292, -17163.433453701633, -17178.942638197917, -17278.0151909449, -17288.277026946333, -17237.
52951328784, -17283.713798568366, -17224.106206331042, -17278.458835018177, -17093.860398859997, -17185.248413153993, -17289.574450302254, -17341.59471021123,
 -17338.57352191541, -17352.697248167253, -17367.999499907546, -16738.972949835217, -17090.682805920853, -17252.97912931575, -17285.644355478235, -17300.67708
0605194, -17331.65623472008, -17377.21282539555, -17354.49663508067, -17095.612925368376, -16764.267934270072, -17199.076613166108, -17344.76628020998, -17371
.17373384614, -17424.097045123464, -16982.44909492996, -17115.997911147162, -17276.800942303867, -17333.899750132918, -17382.695542085185, -17381.98214529089,
 -17437.478383971807, -17411.040024362163, -17429.199849652614, -17431.566118074228, -17439.32853288604, -17407.520764040946, -17441.87802222761, -17424.41760
5368923, -17446.766096850944, -17461.417404762895, -17407.040549359128, -17485.545644176123, -17433.217748304665, -17479.200859743123, -17484.903821265547, -1
7486.52595840574, -17169.884094046185, -17441.6394061893, -17491.168122321975, -17489.16868557143, -17452.972658252198, -17528.86438393331, -17527.46279771606
4, -17514.579274541728, -17456.991764650174, -17495.340211275976, -17535.99590396286, -17540.66910093936, -17475.829222765635, -17543.897745302074, -17521.000
473642383, -17500.10303137449, -17549.875185993504, -17498.72014679542, -17541.063608619646, -17552.791973763782, -17539.22645856142, -17256.399540464317, -17
461.655159013735, -17548.756081337786, -17579.759869598707, -17579.211846883543, -17541.632758967593, -17576.2473231337, -17580.320502603277, -17583.030083422
04, -17584.91176334629, -17549.70893235302, -17582.952011919322, -17571.87514788152, -17612.32424930984, -17603.986577029624, -17610.80681843409, -17618.48282
4070587, -17558.58610452533, -17562.07474490613, -17608.10729310216, -17600.748745465902, -17610.482878972918, -17623.76343473767, -17623.59411109787, -17626.
397042741904, -17597.25034472904, -17626.727938044034, -17611.5337669716, -17620.721577066153, -17655.498755231, -17619.601871716397, -17616.688274147473, -17
628.39233097669, -17640.86530438162, -17629.053964004583, -17649.081189906006, -17670.309185697603, -17650.303021145723, -17620.29649907885, -17646.7241147622
44, -17661.93573392229, -17652.779327961733, -17661.918691683397, -17656.215080360435, -17671.006773114197, -17698.383843947267, -17672.896094438474, -17670.5
7724877564, -17661.105062866158, -17611.090595381545, -17672.981557101797, -17684.88712045382, -17700.735644287124, -17699.357983614023, -17676.6291327792, -1
7668.03417457663, -17248.26047970658, -17449.0653992506, -17558.781921192425, -17577.044825734447, -17606.74447305985, -17669.012213643768, -17703.04569644398
7, -17725.178818898035, -17657.96611212384, -17702.90122554089, -17723.471619885055, -17715.740303257582, -17712.94913139101, -17723.603885785444, -17709.9047
092572, -17743.76988159924, -17740.397824687403, -17721.879385898974, -17738.8313622354, -17741.82448848449, -17663.18702217759, -17752.79219681548, -17735.63
8652344805, -17750.55592728107, -17741.38537116646, -17738.472098585622, -17769.69983338916, -17746.315801024673, -17700.896643672553, -17738.102935550072, -1
7761.562988500787, -17741.805608299575, -17756.283610308514, -17758.42102259124, -17783.717807808538, -17778.773827963418, -17796.687491077933, -17779.0799207
24264, -17789.989452007987, -17786.873087410695, -17807.54989687635, -17772.734271658566, -17796.353277504135, -17808.793376706293, -17799.44981652856, -17804
.55618595079, -17820.635228272866, -17818.850793551213, -17812.844300955265, -17797.468973964984, -17834.141009983723, -17832.83251532488, -17803.54129586224,
 -17833.832129708884, -17854.050256744802, -17854.73405612388, -17856.84504640459, -17859.264211976253, -17847.567725100263, -17869.108018178256, -17856.28173
014074, -17881.62243567821, -17876.289143501137, -17896.84498539029, -17906.37671243992, -17919.784768456175, -17904.98029940634, -17936.077829166705,, -17929.
511410727893, -17911.552398708533, -17935.18333012748, -17956.086051203678, -17960.970508982206, -17960.070490835984, -17969.278267078666, -17976.767590348936
, -17954.79482973884, -18018.14470417654, -18027.9707578517, -18039.500586397655, -18039.186132710634, -18059.257924060978, -18061.029787202355, -18016.648329
100386, -18073.356016157515, -18086.36871953149, -18141.321875934358, -18169.196812250462, -18186.107270270095, -18199.4703441347, -18262.248929527464, -18252
.28454631776, -18285.150086080394, -18297.22380719678, -18373.256235717665, -18374.87401084474, -18430.211013478085, -18423.060887494266, -18445.123737281487,
 -18368.626838578293, -18436.531307290916, -18486.10618219931, -18479.543637799725, -18502.63535430586, -18490.40484414201, -18531.441177542973, -18541.069269
215182, -18432.30816412081, -18519.384522340577, -18517.321214471904, -18539.802426985167, -18562.085681043234, -18560.21775146603, -18573.640350980106, -1853
6.941048102733, -18595.350942662153, -18141.40646585082, -18402.123758076228, -18292.195234484592, -18477.15401533809, -18516.06567312999, -18489.82990727091,
 -18449.355706379098, -18479.64306729319, -18554.947505431923, -18569.777351372395, -18569.927728227907, -18549.295451192495, -18475.416537179593, -18577.0103
49985332, -18572.310832275798, -18415.34325577363, -18443.77864689883, -18571.339348469843, -18578.812858884918, -18600.8385968383, -18566.657510084045, -1859
7.78536159807, -18616.930248887762, -18581.277403429503, -18582.353297069458, -18594.71679648861, -18585.000216939734, -18561.915196234917, -18603.17443071585
5, -18617.067934206843, -18634.652163271316, -18591.34927082818, -18586.52343581394, -18556.39827985338, -18615.887051992755, -18627.563465585547, -18635.4617
63283063, -18588.894918165668, -18637.94854056745, -18650.498964548337, -16266.66530013837, -16740.205200856126, -17345.09039758562, -17516.000213497362, -176
81.536072448034, -17652.89534354458, -17756.934778277475, -17801.924129894633, -17920.387050341822, -18037.413548532677, -18082.159928737263, -18125.061027612
886, -18238.671712260075, -18277.020736607345, -18322.250757743514, -18310.472307270684, -18335.13822320738, -18265.96052550419, -18369.161411170484, -18442.6
3333268467, -18454.93043540816]